Superstrike HID++ capture (no dedup)
start_utc=2026-03-21T21:24:00.171262Z
duration_s=60.0
path=b'\\\\?\\HID#VID_046D&PID_C54D&MI_02&Col02#7&20812e2d&0&0001#{4d1e55b2-f16f-11cf-88cb-001111000030}'
format: elapsed_s len hex

25.233726 20 11 01 0F 00 00 01 00 00 00 00 00 00 00 00 00 00 00 00 00 00
25.328680 20 11 01 0F 00 00 00 00 00 00 00 00 00 00 00 00 00 00 00 00 00
51.238936 20 11 01 0F 00 00 01 00 00 00 00 00 00 00 00 00 00 00 00 00 00
51.339655 20 11 01 0F 00 00 00 00 00 00 00 00 00 00 00 00 00 00 00 00 00
51.793965 20 11 01 0F 00 00 01 00 00 00 00 00 00 00 00 00 00 00 00 00 00
51.856448 20 11 01 0F 00 00 00 00 00 00 00 00 00 00 00 00 00 00 00 00 00
52.445438 20 11 01 0F 00 00 01 00 00 00 00 00 00 00 00 00 00 00 00 00 00
52.497612 20 11 01 0F 00 00 00 00 00 00 00 00 00 00 00 00 00 00 00 00 00

end_utc=2026-03-21T21:25:00.172858Z
total_frames=8
