TX func0_zero wrote=20 11 01 1D 08 00 00 00 00 00 00 00 00 00 00 00 00 00 00 00 00
RX func0_zero sub=0x1D addr=0x08 p0=0x00 p1=0x00 p2=0x00 11 01 1D 08 00 00 00 00 00 00 00 00 00 00 00 00 00 00 00 00
TX func1_zero wrote=20 11 01 1D 18 00 00 00 00 00 00 00 00 00 00 00 00 00 00 00 00
RX func1_zero sub=0x1D addr=0x18 p0=0x00 p1=0x00 p2=0x00 11 01 1D 18 00 00 00 00 00 00 00 00 00 00 00 00 00 00 00 00
TX func2_zero wrote=20 11 01 1D 28 00 00 00 00 00 00 00 00 00 00 00 00 00 00 00 00
RX func2_zero sub=0xFF addr=0x1D p0=0x28 p1=0x07 p2=0x00 11 01 FF 1D 28 07 00 00 00 00 00 00 00 00 00 00 00 00 00 00
TX func3_zero wrote=20 11 01 1D 38 00 00 00 00 00 00 00 00 00 00 00 00 00 00 00 00
RX func3_zero sub=0xFF addr=0x1D p0=0x38 p1=0x07 p2=0x00 11 01 FF 1D 38 07 00 00 00 00 00 00 00 00 00 00 00 00 00 00
TX func4_zero wrote=20 11 01 1D 48 00 00 00 00 00 00 00 00 00 00 00 00 00 00 00 00
RX func4_zero sub=0xFF addr=0x1D p0=0x48 p1=0x07 p2=0x00 11 01 FF 1D 48 07 00 00 00 00 00 00 00 00 00 00 00 00 00 00
TX func5_zero wrote=20 11 01 1D 58 00 00 00 00 00 00 00 00 00 00 00 00 00 00 00 00
RX func5_zero sub=0xFF addr=0x1D p0=0x58 p1=0x07 p2=0x00 11 01 FF 1D 58 07 00 00 00 00 00 00 00 00 00 00 00 00 00 00
TX func6_zero wrote=20 11 01 1D 68 00 00 00 00 00 00 00 00 00 00 00 00 00 00 00 00
RX func6_zero sub=0xFF addr=0x1D p0=0x68 p1=0x07 p2=0x00 11 01 FF 1D 68 07 00 00 00 00 00 00 00 00 00 00 00 00 00 00
TX func7_zero wrote=20 11 01 1D 78 00 00 00 00 00 00 00 00 00 00 00 00 00 00 00 00
RX func7_zero sub=0xFF addr=0x1D p0=0x78 p1=0x07 p2=0x00 11 01 FF 1D 78 07 00 00 00 00 00 00 00 00 00 00 00 00 00 00
TX func1_payload01 wrote=20 11 01 1D 18 01 00 00 00 00 00 00 00 00 00 00 00 00 00 00 00
RX func1_payload01 sub=0x1D addr=0x18 p0=0x00 p1=0x00 p2=0x00 11 01 1D 18 00 00 00 00 00 00 00 00 00 00 00 00 00 00 00 00
TX func1_payloadFF wrote=20 11 01 1D 18 FF 00 00 00 00 00 00 00 00 00 00 00 00 00 00 00
RX func1_payloadFF sub=0x1D addr=0x18 p0=0x00 p1=0x00 p2=0x00 11 01 1D 18 00 00 00 00 00 00 00 00 00 00 00 00 00 00 00 00
TX func2_payload01 wrote=20 11 01 1D 28 01 00 00 00 00 00 00 00 00 00 00 00 00 00 00 00
RX func2_payload01 sub=0xFF addr=0x1D p0=0x28 p1=0x07 p2=0x00 11 01 FF 1D 28 07 00 00 00 00 00 00 00 00 00 00 00 00 00 00
TX FEATURE_SET.GET_COUNT.after wrote=20 11 01 01 08 00 00 00 00 00 00 00 00 00 00 00 00 00 00 00 00
RX FEATURE_SET.GET_COUNT.after sub=0x01 addr=0x08 p0=0x23 p1=0x00 p2=0x00 11 01 01 08 23 00 00 00 00 00 00 00 00 00 00 00 00 00 00 00
TX FEATURE_SET.GET_FEATURE_ID[0x24] wrote=20 11 01 01 18 24 00 00 00 00 00 00 00 00 00 00 00 00 00 00 00
RX FEATURE_SET.GET_FEATURE_ID[0x24] sub=0xFF addr=0x01 p0=0x18 p1=0x02 p2=0x00 11 01 FF 01 18 02 00 00 00 00 00 00 00 00 00 00 00 00 00 00
TX FEATURE_SET.GET_FEATURE_ID[0x25] wrote=20 11 01 01 18 25 00 00 00 00 00 00 00 00 00 00 00 00 00 00 00
RX FEATURE_SET.GET_FEATURE_ID[0x25] sub=0xFF addr=0x01 p0=0x18 p1=0x02 p2=0x00 11 01 FF 01 18 02 00 00 00 00 00 00 00 00 00 00 00 00 00 00
