OPEN Col02 path=b'\\\\?\\HID#VID_046D&PID_C54D&MI_02&Col02#7&20812e2d&0&0001#{4d1e55b2-f16f-11cf-88cb-001111000030}'
TX PRESSURE.enable.short(mode=0x03,arg=0x00) write()=-1 10 01 0C 3C 03 3C 00
TX PRESSURE.enable.short(mode=0x03,arg=0x00) send_feature_report()=-1
TX PRESSURE.enable.long_fallback(mode=0x03,arg=0x00) write()=20 11 01 0C 3C 03 3C 00 00 00 00 00 00 00 00 00 00 00 00 00 00
RX PRESSURE.enable.long_fallback(mode=0x03,arg=0x00) len=20 11 01 0C 3C 03 3C 00 00 00 00 00 00 00 00 00 00 00 00 00 00
RX PRESSURE.enable.long_fallback(mode=0x03,arg=0x00) len=20 11 01 0C 10 4E C0 4E 40 00 00 00 00 00 00 00 00 00 00 00 00
RX PRESSURE.enable.long_fallback(mode=0x03,arg=0x00) len=20 11 01 0C 20 4E C7 4E 41 00 00 00 00 00 00 00 00 00 00 00 00
RX PRESSURE.enable.long_fallback(mode=0x03,arg=0x00) len=20 11 01 0C 30 81 07 79 01 00 00 00 00 00 00 00 00 00 00 00 00
RX PRESSURE.enable.long_fallback(mode=0x03,arg=0x00) len=20 11 01 0C 10 4E C0 4E 40 00 00 00 00 00 00 00 00 00 00 00 00
RX PRESSURE.enable.long_fallback(mode=0x03,arg=0x00) len=20 11 01 0C 20 4E C9 4E 41 00 00 00 00 00 00 00 00 00 00 00 00
RX PRESSURE.enable.long_fallback(mode=0x03,arg=0x00) len=20 11 01 0C 30 81 09 79 01 00 00 00 00 00 00 00 00 00 00 00 00
RX PRESSURE.enable.long_fallback(mode=0x03,arg=0x00) len=20 11 01 0C 10 4E C0 4E 40 00 00 00 00 00 00 00 00 00 00 00 00
RX PRESSURE.enable.long_fallback(mode=0x03,arg=0x00) len=20 11 01 0C 20 4E C9 4E 3F 00 00 00 00 00 00 00 00 00 00 00 00
RX PRESSURE.enable.long_fallback(mode=0x03,arg=0x00) len=20 11 01 0C 30 81 09 78 FF 00 00 00 00 00 00 00 00 00 00 00 00
RX PRESSURE.enable.long_fallback(mode=0x03,arg=0x00) len=20 11 01 0C 10 4E C0 4E 40 00 00 00 00 00 00 00 00 00 00 00 00
RX PRESSURE.enable.long_fallback(mode=0x03,arg=0x00) len=20 11 01 0C 20 4E C7 4E 41 00 00 00 00 00 00 00 00 00 00 00 00
RX PRESSURE.enable.long_fallback(mode=0x03,arg=0x00) len=20 11 01 0C 30 81 07 79 01 00 00 00 00 00 00 00 00 00 00 00 00
RX PRESSURE.enable.long_fallback(mode=0x03,arg=0x00) len=20 11 01 0C 10 4E C0 4E 80 00 00 00 00 00 00 00 00 00 00 00 00
RX PRESSURE.enable.long_fallback(mode=0x03,arg=0x00) len=20 11 01 0C 20 4E C5 4E 41 00 00 00 00 00 00 00 00 00 00 00 00
RX PRESSURE.enable.long_fallback(mode=0x03,arg=0x00) len=20 11 01 0C 30 81 05 79 01 00 00 00 00 00 00 00 00 00 00 00 00
RX PRESSURE.enable.long_fallback(mode=0x03,arg=0x00) len=20 11 01 0C 10 4F 00 4E 40 00 00 00 00 00 00 00 00 00 00 00 00
RX PRESSURE.enable.long_fallback(mode=0x03,arg=0x00) len=20 11 01 0C 20 4E C3 4E 41 00 00 00 00 00 00 00 00 00 00 00 00
RX PRESSURE.enable.long_fallback(mode=0x03,arg=0x00) len=20 11 01 0C 30 81 03 79 01 00 00 00 00 00 00 00 00 00 00 00 00
RX PRESSURE.enable.long_fallback(mode=0x03,arg=0x00) len=20 11 01 0C 10 4F 40 4E 00 00 00 00 00 00 00 00 00 00 00 00 00
RX PRESSURE.enable.long_fallback(mode=0x03,arg=0x00) len=20 11 01 0C 20 4E C5 4E 3F 00 00 00 00 00 00 00 00 00 00 00 00
RX PRESSURE.enable.long_fallback(mode=0x03,arg=0x00) len=20 11 01 0C 30 81 05 78 FF 00 00 00 00 00 00 00 00 00 00 00 00
RX PRESSURE.enable.long_fallback(mode=0x03,arg=0x00) len=20 11 01 0F 00 00 01 00 00 00 00 00 00 00 00 00 00 00 00 00 00
RX PRESSURE.enable.long_fallback(mode=0x03,arg=0x00) len=20 11 01 0C 00 03 00 00 00 00 00 00 00 00 00 00 00 00 00 00 00
RX PRESSURE.enable.long_fallback(mode=0x03,arg=0x00) len=20 11 01 0C 10 59 C0 4E 40 00 00 00 00 00 00 00 00 00 00 00 00
RX PRESSURE.enable.long_fallback(mode=0x03,arg=0x00) len=20 11 01 0C 20 4E C5 4E 40 00 00 00 00 00 00 00 00 00 00 00 00
RX PRESSURE.enable.long_fallback(mode=0x03,arg=0x00) len=20 11 01 0C 30 81 05 79 00 00 00 00 00 00 00 00 00 00 00 00 00
RX PRESSURE.enable.long_fallback(mode=0x03,arg=0x00) len=20 11 01 0C 00 08 00 00 00 00 00 00 00 00 00 00 00 00 00 00 00
RX PRESSURE.enable.long_fallback(mode=0x03,arg=0x00) len=20 11 01 0C 10 76 C0 4E 40 00 00 00 00 00 00 00 00 00 00 00 00
RX PRESSURE.enable.long_fallback(mode=0x03,arg=0x00) len=20 11 01 0C 20 4E C5 4E 40 00 00 00 00 00 00 00 00 00 00 00 00
RX PRESSURE.enable.long_fallback(mode=0x03,arg=0x00) len=20 11 01 0C 30 81 05 79 00 00 00 00 00 00 00 00 00 00 00 00 00
RX PRESSURE.enable.long_fallback(mode=0x03,arg=0x00) len=20 11 01 0C 00 0A 00 00 00 00 00 00 00 00 00 00 00 00 00 00 00
RX PRESSURE.enable.long_fallback(mode=0x03,arg=0x00) len=20 11 01 0C 10 81 80 4E 80 00 00 00 00 00 00 00 00 00 00 00 00
RX PRESSURE.enable.long_fallback(mode=0x03,arg=0x00) len=20 11 01 0C 20 4E C5 4E 40 00 00 00 00 00 00 00 00 00 00 00 00
RX PRESSURE.enable.long_fallback(mode=0x03,arg=0x00) len=20 11 01 0C 30 81 05 79 00 00 00 00 00 00 00 00 00 00 00 00 00
RX PRESSURE.enable.long_fallback(mode=0x03,arg=0x00) len=20 11 01 0C 10 8C C0 4E 00 00 00 00 00 00 00 00 00 00 00 00 00
RX PRESSURE.enable.long_fallback(mode=0x03,arg=0x00) len=20 11 01 0C 20 4E C5 4E 40 00 00 00 00 00 00 00 00 00 00 00 00
RX PRESSURE.enable.long_fallback(mode=0x03,arg=0x00) len=20 11 01 0C 30 81 05 79 00 00 00 00 00 00 00 00 00 00 00 00 00
READ begin (Ctrl+C to stop)
[   0.536s] feature0x0C addr=0x10 raw=11 01 0C 10 91 40 4E 40 00 00 00 00 00 00 00 00 00 00 00 00
[   0.537s] feature0x0C addr=0x20 raw=11 01 0C 20 4E C5 4E 42 00 00 00 00 00 00 00 00 00 00 00 00
[   0.539s] feature0x0C addr=0x30 raw=11 01 0C 30 81 05 79 02 00 00 00 00 00 00 00 00 00 00 00 00
[   0.552s] feature0x0C addr=0x10 raw=11 01 0C 10 92 00 4E 40 00 00 00 00 00 00 00 00 00 00 00 00
[   0.553s] feature0x0C addr=0x20 raw=11 01 0C 20 4E C5 4E 40 00 00 00 00 00 00 00 00 00 00 00 00
[   0.554s] feature0x0C addr=0x30 raw=11 01 0C 30 81 05 79 00 00 00 00 00 00 00 00 00 00 00 00 00
[   0.569s] feature0x0C addr=0x10 raw=11 01 0C 10 92 C0 4E 40 00 00 00 00 00 00 00 00 00 00 00 00
[   0.571s] feature0x0C addr=0x20 raw=11 01 0C 20 4E C5 4E 41 00 00 00 00 00 00 00 00 00 00 00 00
[   0.571s] feature0x0C addr=0x30 raw=11 01 0C 30 81 05 79 01 00 00 00 00 00 00 00 00 00 00 00 00
[   0.585s] feature0x0C addr=0x10 raw=11 01 0C 10 93 00 4E 40 00 00 00 00 00 00 00 00 00 00 00 00
[   0.586s] feature0x0C addr=0x20 raw=11 01 0C 20 4E C5 4E 41 00 00 00 00 00 00 00 00 00 00 00 00
[   0.588s] feature0x0C addr=0x30 raw=11 01 0C 30 81 05 79 01 00 00 00 00 00 00 00 00 00 00 00 00
[   0.602s] feature0x0C addr=0x10 raw=11 01 0C 10 93 40 4E 40 00 00 00 00 00 00 00 00 00 00 00 00
[   0.603s] feature0x0C addr=0x20 raw=11 01 0C 20 4E C5 4E 41 00 00 00 00 00 00 00 00 00 00 00 00
[   0.604s] feature0x0C addr=0x30 raw=11 01 0C 30 81 05 79 01 00 00 00 00 00 00 00 00 00 00 00 00
[   0.620s] feature0x0C addr=0x10 raw=11 01 0C 10 93 00 4E C0 00 00 00 00 00 00 00 00 00 00 00 00
[   0.620s] feature0x0C addr=0x20 raw=11 01 0C 20 4E C5 4E 41 00 00 00 00 00 00 00 00 00 00 00 00
[   0.621s] feature0x0C addr=0x30 raw=11 01 0C 30 81 05 79 01 00 00 00 00 00 00 00 00 00 00 00 00
[   0.634s] feature0x0C addr=0x10 raw=11 01 0C 10 92 C0 4E 40 00 00 00 00 00 00 00 00 00 00 00 00
[   0.636s] feature0x0C addr=0x20 raw=11 01 0C 20 4E C5 4E 43 00 00 00 00 00 00 00 00 00 00 00 00
[   0.637s] feature0x0C addr=0x30 raw=11 01 0C 30 81 05 79 03 00 00 00 00 00 00 00 00 00 00 00 00
[   0.652s] feature0x0C addr=0x10 raw=11 01 0C 10 92 C0 4E 80 00 00 00 00 00 00 00 00 00 00 00 00
[   0.653s] feature0x0C addr=0x20 raw=11 01 0C 20 4E C5 4E 43 00 00 00 00 00 00 00 00 00 00 00 00
[   0.654s] feature0x0C addr=0x30 raw=11 01 0C 30 81 05 79 03 00 00 00 00 00 00 00 00 00 00 00 00
[   0.669s] feature0x0C addr=0x10 raw=11 01 0C 10 92 00 4E 80 00 00 00 00 00 00 00 00 00 00 00 00
[   0.669s] feature0x0C addr=0x20 raw=11 01 0C 20 4E C5 4E 42 00 00 00 00 00 00 00 00 00 00 00 00
[   0.670s] feature0x0C addr=0x30 raw=11 01 0C 30 81 05 79 02 00 00 00 00 00 00 00 00 00 00 00 00
[   0.685s] feature0x0C addr=0x10 raw=11 01 0C 10 91 40 4E 40 00 00 00 00 00 00 00 00 00 00 00 00
[   0.687s] feature0x0C addr=0x20 raw=11 01 0C 20 4E C5 4E 42 00 00 00 00 00 00 00 00 00 00 00 00
[   0.687s] feature0x0C addr=0x30 raw=11 01 0C 30 81 05 79 02 00 00 00 00 00 00 00 00 00 00 00 00
[   0.703s] feature0x0C addr=0x10 raw=11 01 0C 10 90 40 4E 80 00 00 00 00 00 00 00 00 00 00 00 00
[   0.703s] feature0x0C addr=0x20 raw=11 01 0C 20 4E C5 4E 44 00 00 00 00 00 00 00 00 00 00 00 00
[   0.705s] feature0x0C addr=0x30 raw=11 01 0C 30 81 05 79 04 00 00 00 00 00 00 00 00 00 00 00 00
[   0.718s] feature0x0C addr=0x10 raw=11 01 0C 10 90 80 4E 40 00 00 00 00 00 00 00 00 00 00 00 00
[   0.720s] feature0x0C addr=0x20 raw=11 01 0C 20 4E C5 4E 42 00 00 00 00 00 00 00 00 00 00 00 00
[   0.720s] feature0x0C addr=0x30 raw=11 01 0C 30 81 05 79 02 00 00 00 00 00 00 00 00 00 00 00 00
[   0.735s] feature0x0C addr=0x10 raw=11 01 0C 10 8E 80 4E 40 00 00 00 00 00 00 00 00 00 00 00 00
[   0.736s] feature0x0C addr=0x20 raw=11 01 0C 20 4E C5 4E 42 00 00 00 00 00 00 00 00 00 00 00 00
[   0.737s] feature0x0C addr=0x30 raw=11 01 0C 30 81 05 79 02 00 00 00 00 00 00 00 00 00 00 00 00
[   0.752s] feature0x0C addr=0x10 raw=11 01 0C 10 8B C0 4E 40 00 00 00 00 00 00 00 00 00 00 00 00
[   0.752s] feature0x0C addr=0x20 raw=11 01 0C 20 4E C5 4E 42 00 00 00 00 00 00 00 00 00 00 00 00
[   0.754s] feature0x0C addr=0x30 raw=11 01 0C 30 81 05 79 02 00 00 00 00 00 00 00 00 00 00 00 00
[   0.769s] feature0x0C addr=0x10 raw=11 01 0C 10 7F C0 4E 40 00 00 00 00 00 00 00 00 00 00 00 00
[   0.769s] feature0x0C addr=0x20 raw=11 01 0C 20 4E C5 4E 42 00 00 00 00 00 00 00 00 00 00 00 00
[   0.771s] feature0x0C addr=0x30 raw=11 01 0C 30 81 05 79 02 00 00 00 00 00 00 00 00 00 00 00 00
[   0.785s] pressure=  9 bytes5_19=00 00 00 00 00 00 00 00 00 00 00 00 00 00 00
[   0.787s] feature0x0C addr=0x10 raw=11 01 0C 10 76 40 4E 80 00 00 00 00 00 00 00 00 00 00 00 00
[   0.787s] feature0x0C addr=0x20 raw=11 01 0C 20 4E C5 4E 41 00 00 00 00 00 00 00 00 00 00 00 00
[   0.788s] feature0x0C addr=0x30 raw=11 01 0C 30 81 05 79 01 00 00 00 00 00 00 00 00 00 00 00 00
[   0.801s] pressure=  5 bytes5_19=00 00 00 00 00 00 00 00 00 00 00 00 00 00 00
[   0.803s] feature0x0C addr=0x10 raw=11 01 0C 10 5B C0 4E 40 00 00 00 00 00 00 00 00 00 00 00 00
[   0.803s] feature0x0C addr=0x20 raw=11 01 0C 20 4E C5 4E 41 00 00 00 00 00 00 00 00 00 00 00 00
[   0.804s] feature0x0C addr=0x30 raw=11 01 0C 30 81 05 79 01 00 00 00 00 00 00 00 00 00 00 00 00
[   0.819s] pressure=  2 bytes5_19=00 00 00 00 00 00 00 00 00 00 00 00 00 00 00
[   0.819s] feature0x0C addr=0x10 raw=11 01 0C 10 51 C0 4E 80 00 00 00 00 00 00 00 00 00 00 00 00
[   0.821s] feature0x0C addr=0x20 raw=11 01 0C 20 4E C5 4E 41 00 00 00 00 00 00 00 00 00 00 00 00
[   0.821s] feature0x0C addr=0x30 raw=11 01 0C 30 81 05 79 01 00 00 00 00 00 00 00 00 00 00 00 00
[   0.833s] pressure=  1 bytes5_19=00 00 00 00 00 00 00 00 00 00 00 00 00 00 00
[   0.835s] feature0x0C addr=0x10 raw=11 01 0C 10 50 80 4E 40 00 00 00 00 00 00 00 00 00 00 00 00
[   0.837s] feature0x0C addr=0x20 raw=11 01 0C 20 4E C5 4E 41 00 00 00 00 00 00 00 00 00 00 00 00
[   0.837s] feature0x0C addr=0x30 raw=11 01 0C 30 81 05 79 01 00 00 00 00 00 00 00 00 00 00 00 00
[   0.851s] pressure=  0 bytes5_19=00 00 00 00 00 00 00 00 00 00 00 00 00 00 00
[   0.853s] feature0x0C addr=0x10 raw=11 01 0C 10 4F 80 4E 40 00 00 00 00 00 00 00 00 00 00 00 00
[   0.853s] feature0x0C addr=0x20 raw=11 01 0C 20 4E C5 4E 41 00 00 00 00 00 00 00 00 00 00 00 00
[   0.854s] feature0x0C addr=0x30 raw=11 01 0C 30 81 05 79 01 00 00 00 00 00 00 00 00 00 00 00 00
[   0.869s] feature0x0C addr=0x10 raw=11 01 0C 10 4F 00 4E 80 00 00 00 00 00 00 00 00 00 00 00 00
[   0.869s] feature0x0C addr=0x20 raw=11 01 0C 20 4E C7 4E 41 00 00 00 00 00 00 00 00 00 00 00 00
[   0.871s] feature0x0C addr=0x30 raw=11 01 0C 30 81 07 79 01 00 00 00 00 00 00 00 00 00 00 00 00
[   0.884s] feature0x0C addr=0x10 raw=11 01 0C 10 4F 00 4E 40 00 00 00 00 00 00 00 00 00 00 00 00
[   0.886s] feature0x0C addr=0x20 raw=11 01 0C 20 4E C8 4E 40 00 00 00 00 00 00 00 00 00 00 00 00
[   0.886s] feature0x0C addr=0x30 raw=11 01 0C 30 81 08 79 00 00 00 00 00 00 00 00 00 00 00 00 00
[   0.901s] feature0x0C addr=0x10 raw=11 01 0C 10 4F 00 4E 40 00 00 00 00 00 00 00 00 00 00 00 00
[   0.902s] feature0x0C addr=0x20 raw=11 01 0C 20 4E C6 4E 40 00 00 00 00 00 00 00 00 00 00 00 00
[   0.903s] feature0x0C addr=0x30 raw=11 01 0C 30 81 06 79 00 00 00 00 00 00 00 00 00 00 00 00 00
[   0.917s] feature0x0C addr=0x10 raw=11 01 0C 10 4F 00 4E 40 00 00 00 00 00 00 00 00 00 00 00 00
[   0.919s] feature0x0C addr=0x20 raw=11 01 0C 20 4E C6 4E 42 00 00 00 00 00 00 00 00 00 00 00 00
[   0.919s] feature0x0C addr=0x30 raw=11 01 0C 30 81 06 79 02 00 00 00 00 00 00 00 00 00 00 00 00
[   0.934s] feature0x0C addr=0x10 raw=11 01 0C 10 4E C0 4E 80 00 00 00 00 00 00 00 00 00 00 00 00
[   0.936s] feature0x0C addr=0x20 raw=11 01 0C 20 4E C4 4E 42 00 00 00 00 00 00 00 00 00 00 00 00
[   0.936s] feature0x0C addr=0x30 raw=11 01 0C 30 81 04 79 02 00 00 00 00 00 00 00 00 00 00 00 00
[   0.952s] feature0x0C addr=0x10 raw=11 01 0C 10 4E C0 4E 40 00 00 00 00 00 00 00 00 00 00 00 00
[   0.952s] feature0x0C addr=0x20 raw=11 01 0C 20 4E C4 4E 40 00 00 00 00 00 00 00 00 00 00 00 00
[   0.953s] feature0x0C addr=0x30 raw=11 01 0C 30 81 04 79 00 00 00 00 00 00 00 00 00 00 00 00 00
[   0.968s] feature0x0C addr=0x10 raw=11 01 0C 10 4E C0 4E 40 00 00 00 00 00 00 00 00 00 00 00 00
[   0.968s] feature0x0C addr=0x20 raw=11 01 0C 20 4E C6 4E 40 00 00 00 00 00 00 00 00 00 00 00 00
[   0.970s] feature0x0C addr=0x30 raw=11 01 0C 30 81 06 79 00 00 00 00 00 00 00 00 00 00 00 00 00
[   0.984s] feature0x0C addr=0x10 raw=11 01 0C 10 4F 00 4E 40 00 00 00 00 00 00 00 00 00 00 00 00
[   0.986s] feature0x0C addr=0x20 raw=11 01 0C 20 4E C8 4E 40 00 00 00 00 00 00 00 00 00 00 00 00
[   0.986s] feature0x0C addr=0x30 raw=11 01 0C 30 81 08 79 00 00 00 00 00 00 00 00 00 00 00 00 00
[   1.001s] feature0x0C addr=0x10 raw=11 01 0C 10 4F 00 4E 00 00 00 00 00 00 00 00 00 00 00 00 00
[   1.001s] feature0x0C addr=0x20 raw=11 01 0C 20 4E C7 4E 41 00 00 00 00 00 00 00 00 00 00 00 00
[   1.002s] feature0x0C addr=0x30 raw=11 01 0C 30 81 07 79 01 00 00 00 00 00 00 00 00 00 00 00 00
[   1.017s] feature0x0C addr=0x10 raw=11 01 0C 10 4F 00 4E 40 00 00 00 00 00 00 00 00 00 00 00 00
[   1.018s] feature0x0C addr=0x20 raw=11 01 0C 20 4E C9 4E 41 00 00 00 00 00 00 00 00 00 00 00 00
[   1.019s] feature0x0C addr=0x30 raw=11 01 0C 30 81 09 79 01 00 00 00 00 00 00 00 00 00 00 00 00
[   1.034s] feature0x0C addr=0x10 raw=11 01 0C 10 4F 00 4E 80 00 00 00 00 00 00 00 00 00 00 00 00
[   1.036s] feature0x0C addr=0x20 raw=11 01 0C 20 4E C7 4E 41 00 00 00 00 00 00 00 00 00 00 00 00
[   1.036s] feature0x0C addr=0x30 raw=11 01 0C 30 81 07 79 01 00 00 00 00 00 00 00 00 00 00 00 00
[   1.050s] feature0x0C addr=0x10 raw=11 01 0C 10 4F 00 4E 80 00 00 00 00 00 00 00 00 00 00 00 00
[   1.051s] feature0x0C addr=0x20 raw=11 01 0C 20 4E C9 4E 41 00 00 00 00 00 00 00 00 00 00 00 00
[   1.051s] feature0x0C addr=0x30 raw=11 01 0C 30 81 09 79 01 00 00 00 00 00 00 00 00 00 00 00 00
[   1.068s] feature0x0C addr=0x10 raw=11 01 0C 10 4F 00 4E 40 00 00 00 00 00 00 00 00 00 00 00 00
[   1.068s] feature0x0C addr=0x20 raw=11 01 0C 20 4E CB 4E 41 00 00 00 00 00 00 00 00 00 00 00 00
[   1.070s] feature0x0C addr=0x30 raw=11 01 0C 30 81 0B 79 01 00 00 00 00 00 00 00 00 00 00 00 00
[   1.083s] feature0x0C addr=0x10 raw=11 01 0C 10 50 40 4E 40 00 00 00 00 00 00 00 00 00 00 00 00
[   1.084s] feature0x0C addr=0x20 raw=11 01 0C 20 4E CD 4E 41 00 00 00 00 00 00 00 00 00 00 00 00
[   1.085s] feature0x0C addr=0x30 raw=11 01 0C 30 81 0D 79 01 00 00 00 00 00 00 00 00 00 00 00 00
[   1.100s] pressure=  6 bytes5_19=00 00 00 00 00 00 00 00 00 00 00 00 00 00 00
[   1.102s] feature0x0C addr=0x10 raw=11 01 0C 10 64 40 4E 80 00 00 00 00 00 00 00 00 00 00 00 00
[   1.102s] feature0x0C addr=0x20 raw=11 01 0C 20 4E CD 4E 40 00 00 00 00 00 00 00 00 00 00 00 00
[   1.103s] feature0x0C addr=0x30 raw=11 01 0C 30 81 0D 79 00 00 00 00 00 00 00 00 00 00 00 00 00
[   1.117s] pressure=  9 bytes5_19=00 00 00 00 00 00 00 00 00 00 00 00 00 00 00
[   1.119s] feature0x0C addr=0x10 raw=11 01 0C 10 7B C0 4E 00 00 00 00 00 00 00 00 00 00 00 00 00
[   1.119s] feature0x0C addr=0x20 raw=11 01 0C 20 4E CD 4E 40 00 00 00 00 00 00 00 00 00 00 00 00
[   1.121s] feature0x0C addr=0x30 raw=11 01 0C 30 81 0D 79 00 00 00 00 00 00 00 00 00 00 00 00 00
[   1.133s] pressure= 10 bytes5_19=00 00 00 00 00 00 00 00 00 00 00 00 00 00 00
[   1.135s] feature0x0C addr=0x10 raw=11 01 0C 10 83 C0 4E 80 00 00 00 00 00 00 00 00 00 00 00 00
[   1.135s] feature0x0C addr=0x20 raw=11 01 0C 20 4E CD 4E 42 00 00 00 00 00 00 00 00 00 00 00 00
[   1.137s] feature0x0C addr=0x30 raw=11 01 0C 30 81 0D 79 02 00 00 00 00 00 00 00 00 00 00 00 00
[   1.151s] feature0x0C addr=0x10 raw=11 01 0C 10 8D 80 4E 40 00 00 00 00 00 00 00 00 00 00 00 00
[   1.151s] feature0x0C addr=0x20 raw=11 01 0C 20 4E CD 4E 42 00 00 00 00 00 00 00 00 00 00 00 00
[   1.152s] feature0x0C addr=0x30 raw=11 01 0C 30 81 0D 79 02 00 00 00 00 00 00 00 00 00 00 00 00
[   1.168s] feature0x0C addr=0x10 raw=11 01 0C 10 92 00 4E 40 00 00 00 00 00 00 00 00 00 00 00 00
[   1.168s] feature0x0C addr=0x20 raw=11 01 0C 20 4E CD 4E 42 00 00 00 00 00 00 00 00 00 00 00 00
[   1.169s] feature0x0C addr=0x30 raw=11 01 0C 30 81 0D 79 02 00 00 00 00 00 00 00 00 00 00 00 00
[   1.184s] feature0x0C addr=0x10 raw=11 01 0C 10 92 C0 4E 80 00 00 00 00 00 00 00 00 00 00 00 00
[   1.186s] feature0x0C addr=0x20 raw=11 01 0C 20 4E CD 4E 42 00 00 00 00 00 00 00 00 00 00 00 00
[   1.186s] feature0x0C addr=0x30 raw=11 01 0C 30 81 0D 79 02 00 00 00 00 00 00 00 00 00 00 00 00
[   1.202s] feature0x0C addr=0x10 raw=11 01 0C 10 93 00 4E 40 00 00 00 00 00 00 00 00 00 00 00 00
[   1.202s] feature0x0C addr=0x20 raw=11 01 0C 20 4E CD 4E 40 00 00 00 00 00 00 00 00 00 00 00 00
[   1.203s] feature0x0C addr=0x30 raw=11 01 0C 30 81 0D 79 00 00 00 00 00 00 00 00 00 00 00 00 00
[   1.218s] feature0x0C addr=0x10 raw=11 01 0C 10 93 40 4E 40 00 00 00 00 00 00 00 00 00 00 00 00
[   1.218s] feature0x0C addr=0x20 raw=11 01 0C 20 4E CD 4E 41 00 00 00 00 00 00 00 00 00 00 00 00
[   1.220s] feature0x0C addr=0x30 raw=11 01 0C 30 81 0D 79 01 00 00 00 00 00 00 00 00 00 00 00 00
[   1.234s] feature0x0C addr=0x10 raw=11 01 0C 10 92 80 4E 40 00 00 00 00 00 00 00 00 00 00 00 00
[   1.235s] feature0x0C addr=0x20 raw=11 01 0C 20 4E CD 4E 41 00 00 00 00 00 00 00 00 00 00 00 00
[   1.236s] feature0x0C addr=0x30 raw=11 01 0C 30 81 0D 79 01 00 00 00 00 00 00 00 00 00 00 00 00
[   1.251s] feature0x0C addr=0x10 raw=11 01 0C 10 92 40 4E 80 00 00 00 00 00 00 00 00 00 00 00 00
[   1.251s] feature0x0C addr=0x20 raw=11 01 0C 20 4E CD 4E 41 00 00 00 00 00 00 00 00 00 00 00 00
[   1.251s] feature0x0C addr=0x30 raw=11 01 0C 30 81 0D 79 01 00 00 00 00 00 00 00 00 00 00 00 00
[   1.267s] feature0x0C addr=0x10 raw=11 01 0C 10 90 80 4E 80 00 00 00 00 00 00 00 00 00 00 00 00
[   1.269s] feature0x0C addr=0x20 raw=11 01 0C 20 4E CD 4E 41 00 00 00 00 00 00 00 00 00 00 00 00
[   1.269s] feature0x0C addr=0x30 raw=11 01 0C 30 81 0D 79 01 00 00 00 00 00 00 00 00 00 00 00 00
[   1.284s] feature0x0C addr=0x10 raw=11 01 0C 10 89 80 4E 80 00 00 00 00 00 00 00 00 00 00 00 00
[   1.286s] feature0x0C addr=0x20 raw=11 01 0C 20 4E CD 4E 41 00 00 00 00 00 00 00 00 00 00 00 00
[   1.286s] feature0x0C addr=0x30 raw=11 01 0C 30 81 0D 79 01 00 00 00 00 00 00 00 00 00 00 00 00
[   1.301s] pressure=  9 bytes5_19=00 00 00 00 00 00 00 00 00 00 00 00 00 00 00
[   1.302s] feature0x0C addr=0x10 raw=11 01 0C 10 75 C0 4E 40 00 00 00 00 00 00 00 00 00 00 00 00
[   1.302s] feature0x0C addr=0x20 raw=11 01 0C 20 4E CD 4E 41 00 00 00 00 00 00 00 00 00 00 00 00
[   1.303s] feature0x0C addr=0x30 raw=11 01 0C 30 81 0D 79 01 00 00 00 00 00 00 00 00 00 00 00 00
[   1.317s] pressure=  3 bytes5_19=00 00 00 00 00 00 00 00 00 00 00 00 00 00 00
[   1.319s] feature0x0C addr=0x10 raw=11 01 0C 10 55 40 4E 40 00 00 00 00 00 00 00 00 00 00 00 00
[   1.319s] feature0x0C addr=0x20 raw=11 01 0C 20 4E CD 4E 41 00 00 00 00 00 00 00 00 00 00 00 00
[   1.320s] feature0x0C addr=0x30 raw=11 01 0C 30 81 0D 79 01 00 00 00 00 00 00 00 00 00 00 00 00
[   1.333s] pressure=  1 bytes5_19=00 00 00 00 00 00 00 00 00 00 00 00 00 00 00
[   1.335s] feature0x0C addr=0x10 raw=11 01 0C 10 50 C0 4E 40 00 00 00 00 00 00 00 00 00 00 00 00
[   1.335s] feature0x0C addr=0x20 raw=11 01 0C 20 4E CD 4E 40 00 00 00 00 00 00 00 00 00 00 00 00
[   1.337s] feature0x0C addr=0x30 raw=11 01 0C 30 81 0D 79 00 00 00 00 00 00 00 00 00 00 00 00 00
[   1.350s] feature0x0C addr=0x10 raw=11 01 0C 10 50 40 4E 00 00 00 00 00 00 00 00 00 00 00 00 00
[   1.352s] feature0x0C addr=0x20 raw=11 01 0C 20 4E CD 4E 40 00 00 00 00 00 00 00 00 00 00 00 00
[   1.352s] feature0x0C addr=0x30 raw=11 01 0C 30 81 0D 79 00 00 00 00 00 00 00 00 00 00 00 00 00
[   1.367s] feature0x0C addr=0x10 raw=11 01 0C 10 50 00 4E 40 00 00 00 00 00 00 00 00 00 00 00 00
[   1.368s] feature0x0C addr=0x20 raw=11 01 0C 20 4E CD 4E 42 00 00 00 00 00 00 00 00 00 00 00 00
[   1.370s] feature0x0C addr=0x30 raw=11 01 0C 30 81 0D 79 02 00 00 00 00 00 00 00 00 00 00 00 00
[   1.383s] feature0x0C addr=0x10 raw=11 01 0C 10 51 00 4E 80 00 00 00 00 00 00 00 00 00 00 00 00
[   1.385s] feature0x0C addr=0x20 raw=11 01 0C 20 4E CD 4E 42 00 00 00 00 00 00 00 00 00 00 00 00
[   1.385s] feature0x0C addr=0x30 raw=11 01 0C 30 81 0D 79 02 00 00 00 00 00 00 00 00 00 00 00 00
[   1.401s] pressure=  2 bytes5_19=00 00 00 00 00 00 00 00 00 00 00 00 00 00 00
[   1.401s] feature0x0C addr=0x10 raw=11 01 0C 10 55 00 4E 80 00 00 00 00 00 00 00 00 00 00 00 00
[   1.402s] feature0x0C addr=0x20 raw=11 01 0C 20 4E CD 4E 44 00 00 00 00 00 00 00 00 00 00 00 00
[   1.403s] feature0x0C addr=0x30 raw=11 01 0C 30 81 0D 79 04 00 00 00 00 00 00 00 00 00 00 00 00
[   1.416s] feature0x0C addr=0x10 raw=11 01 0C 10 67 00 4E 40 00 00 00 00 00 00 00 00 00 00 00 00
[   1.418s] feature0x0C addr=0x20 raw=11 01 0C 20 4E CD 4E 42 00 00 00 00 00 00 00 00 00 00 00 00
[   1.418s] feature0x0C addr=0x30 raw=11 01 0C 30 81 0D 79 02 00 00 00 00 00 00 00 00 00 00 00 00
[   1.434s] pressure=  9 bytes5_19=00 00 00 00 00 00 00 00 00 00 00 00 00 00 00
[   1.435s] feature0x0C addr=0x10 raw=11 01 0C 10 7A 80 4E 40 00 00 00 00 00 00 00 00 00 00 00 00
[   1.435s] feature0x0C addr=0x20 raw=11 01 0C 20 4E CD 4E 43 00 00 00 00 00 00 00 00 00 00 00 00
[   1.436s] feature0x0C addr=0x30 raw=11 01 0C 30 81 0D 79 03 00 00 00 00 00 00 00 00 00 00 00 00
[   1.450s] pressure= 10 bytes5_19=00 00 00 00 00 00 00 00 00 00 00 00 00 00 00
[   1.451s] feature0x0C addr=0x10 raw=11 01 0C 10 82 00 4E 80 00 00 00 00 00 00 00 00 00 00 00 00
[   1.452s] feature0x0C addr=0x20 raw=11 01 0C 20 4E CD 4E 43 00 00 00 00 00 00 00 00 00 00 00 00
[   1.454s] feature0x0C addr=0x30 raw=11 01 0C 30 81 0D 79 03 00 00 00 00 00 00 00 00 00 00 00 00
[   1.466s] feature0x0C addr=0x10 raw=11 01 0C 10 83 C0 4E 40 00 00 00 00 00 00 00 00 00 00 00 00
[   1.467s] feature0x0C addr=0x20 raw=11 01 0C 20 4E CD 4E 41 00 00 00 00 00 00 00 00 00 00 00 00
[   1.467s] feature0x0C addr=0x30 raw=11 01 0C 30 81 0D 79 01 00 00 00 00 00 00 00 00 00 00 00 00
[   1.483s] feature0x0C addr=0x10 raw=11 01 0C 10 86 00 4E 80 00 00 00 00 00 00 00 00 00 00 00 00
[   1.484s] feature0x0C addr=0x20 raw=11 01 0C 20 4E CD 4E 43 00 00 00 00 00 00 00 00 00 00 00 00
[   1.486s] feature0x0C addr=0x30 raw=11 01 0C 30 81 0D 79 03 00 00 00 00 00 00 00 00 00 00 00 00
[   1.500s] feature0x0C addr=0x10 raw=11 01 0C 10 8B C0 4E 80 00 00 00 00 00 00 00 00 00 00 00 00
[   1.501s] feature0x0C addr=0x20 raw=11 01 0C 20 4E CD 4E 43 00 00 00 00 00 00 00 00 00 00 00 00
[   1.502s] feature0x0C addr=0x30 raw=11 01 0C 30 81 0D 79 03 00 00 00 00 00 00 00 00 00 00 00 00
[   1.518s] feature0x0C addr=0x10 raw=11 01 0C 10 91 C0 4E 40 00 00 00 00 00 00 00 00 00 00 00 00
[   1.518s] feature0x0C addr=0x20 raw=11 01 0C 20 4E CD 4E 41 00 00 00 00 00 00 00 00 00 00 00 00
[   1.519s] feature0x0C addr=0x30 raw=11 01 0C 30 81 0D 79 01 00 00 00 00 00 00 00 00 00 00 00 00
[   1.534s] feature0x0C addr=0x10 raw=11 01 0C 10 93 40 4E 40 00 00 00 00 00 00 00 00 00 00 00 00
[   1.536s] feature0x0C addr=0x20 raw=11 01 0C 20 4E CD 4E 41 00 00 00 00 00 00 00 00 00 00 00 00
[   1.536s] feature0x0C addr=0x30 raw=11 01 0C 30 81 0D 79 01 00 00 00 00 00 00 00 00 00 00 00 00
[   1.550s] feature0x0C addr=0x10 raw=11 01 0C 10 93 40 4E 80 00 00 00 00 00 00 00 00 00 00 00 00
[   1.552s] feature0x0C addr=0x20 raw=11 01 0C 20 4E CD 4E 40 00 00 00 00 00 00 00 00 00 00 00 00
[   1.552s] feature0x0C addr=0x30 raw=11 01 0C 30 81 0D 79 00 00 00 00 00 00 00 00 00 00 00 00 00
[   1.568s] feature0x0C addr=0x10 raw=11 01 0C 10 93 80 4E 40 00 00 00 00 00 00 00 00 00 00 00 00
[   1.568s] feature0x0C addr=0x20 raw=11 01 0C 20 4E CD 4E 42 00 00 00 00 00 00 00 00 00 00 00 00
[   1.569s] feature0x0C addr=0x30 raw=11 01 0C 30 81 0D 79 02 00 00 00 00 00 00 00 00 00 00 00 00
[   1.583s] feature0x0C addr=0x10 raw=11 01 0C 10 93 80 4E 80 00 00 00 00 00 00 00 00 00 00 00 00
[   1.584s] feature0x0C addr=0x20 raw=11 01 0C 20 4E CD 4E 40 00 00 00 00 00 00 00 00 00 00 00 00
[   1.585s] feature0x0C addr=0x30 raw=11 01 0C 30 81 0D 79 00 00 00 00 00 00 00 00 00 00 00 00 00
[   1.600s] feature0x0C addr=0x10 raw=11 01 0C 10 93 80 4E 80 00 00 00 00 00 00 00 00 00 00 00 00
[   1.601s] feature0x0C addr=0x20 raw=11 01 0C 20 4E CD 4E 42 00 00 00 00 00 00 00 00 00 00 00 00
[   1.603s] feature0x0C addr=0x30 raw=11 01 0C 30 81 0D 79 02 00 00 00 00 00 00 00 00 00 00 00 00
[   1.617s] feature0x0C addr=0x10 raw=11 01 0C 10 93 80 4E 40 00 00 00 00 00 00 00 00 00 00 00 00
[   1.617s] feature0x0C addr=0x20 raw=11 01 0C 20 4E CD 4E 42 00 00 00 00 00 00 00 00 00 00 00 00
[   1.619s] feature0x0C addr=0x30 raw=11 01 0C 30 81 0D 79 02 00 00 00 00 00 00 00 00 00 00 00 00
[   1.633s] feature0x0C addr=0x10 raw=11 01 0C 10 93 00 4E 80 00 00 00 00 00 00 00 00 00 00 00 00
[   1.635s] feature0x0C addr=0x20 raw=11 01 0C 20 4E CD 4E 40 00 00 00 00 00 00 00 00 00 00 00 00
[   1.635s] feature0x0C addr=0x30 raw=11 01 0C 30 81 0D 79 00 00 00 00 00 00 00 00 00 00 00 00 00
[   1.650s] feature0x0C addr=0x10 raw=11 01 0C 10 8D C0 4E 80 00 00 00 00 00 00 00 00 00 00 00 00
[   1.652s] feature0x0C addr=0x20 raw=11 01 0C 20 4E CD 4E 42 00 00 00 00 00 00 00 00 00 00 00 00
[   1.652s] feature0x0C addr=0x30 raw=11 01 0C 30 81 0D 79 02 00 00 00 00 00 00 00 00 00 00 00 00
[   1.667s] pressure=  9 bytes5_19=00 00 00 00 00 00 00 00 00 00 00 00 00 00 00
[   1.668s] feature0x0C addr=0x10 raw=11 01 0C 10 76 80 4E 00 00 00 00 00 00 00 00 00 00 00 00 00
[   1.670s] feature0x0C addr=0x20 raw=11 01 0C 20 4E CD 4E 43 00 00 00 00 00 00 00 00 00 00 00 00
[   1.670s] feature0x0C addr=0x30 raw=11 01 0C 30 81 0D 79 03 00 00 00 00 00 00 00 00 00 00 00 00
[   1.684s] pressure=  4 bytes5_19=00 00 00 00 00 00 00 00 00 00 00 00 00 00 00
[   1.686s] feature0x0C addr=0x10 raw=11 01 0C 10 58 C0 4E 40 00 00 00 00 00 00 00 00 00 00 00 00
[   1.686s] feature0x0C addr=0x20 raw=11 01 0C 20 4E CD 4E 43 00 00 00 00 00 00 00 00 00 00 00 00
[   1.687s] feature0x0C addr=0x30 raw=11 01 0C 30 81 0D 79 03 00 00 00 00 00 00 00 00 00 00 00 00
[   1.702s] pressure=  2 bytes5_19=00 00 00 00 00 00 00 00 00 00 00 00 00 00 00
[   1.702s] feature0x0C addr=0x10 raw=11 01 0C 10 52 40 4E 40 00 00 00 00 00 00 00 00 00 00 00 00
[   1.704s] feature0x0C addr=0x20 raw=11 01 0C 20 4E CD 4E 41 00 00 00 00 00 00 00 00 00 00 00 00
[   1.704s] feature0x0C addr=0x30 raw=11 01 0C 30 81 0D 79 01 00 00 00 00 00 00 00 00 00 00 00 00
[   1.718s] pressure=  1 bytes5_19=00 00 00 00 00 00 00 00 00 00 00 00 00 00 00
[   1.718s] feature0x0C addr=0x10 raw=11 01 0C 10 51 00 4E 80 00 00 00 00 00 00 00 00 00 00 00 00
[   1.720s] feature0x0C addr=0x20 raw=11 01 0C 20 4E CD 4E 41 00 00 00 00 00 00 00 00 00 00 00 00
[   1.720s] feature0x0C addr=0x30 raw=11 01 0C 30 81 0D 79 01 00 00 00 00 00 00 00 00 00 00 00 00
[   1.735s] feature0x0C addr=0x10 raw=11 01 0C 10 50 00 4E 40 00 00 00 00 00 00 00 00 00 00 00 00
[   1.735s] feature0x0C addr=0x20 raw=11 01 0C 20 4E CD 4E 43 00 00 00 00 00 00 00 00 00 00 00 00
[   1.736s] feature0x0C addr=0x30 raw=11 01 0C 30 81 0D 79 03 00 00 00 00 00 00 00 00 00 00 00 00
[   1.751s] feature0x0C addr=0x10 raw=11 01 0C 10 4F C0 4E 40 00 00 00 00 00 00 00 00 00 00 00 00
[   1.751s] feature0x0C addr=0x20 raw=11 01 0C 20 4E CD 4E 41 00 00 00 00 00 00 00 00 00 00 00 00
[   1.753s] feature0x0C addr=0x30 raw=11 01 0C 30 81 0D 79 01 00 00 00 00 00 00 00 00 00 00 00 00
[   1.767s] feature0x0C addr=0x10 raw=11 01 0C 10 50 40 4E 40 00 00 00 00 00 00 00 00 00 00 00 00
[   1.768s] feature0x0C addr=0x20 raw=11 01 0C 20 4E CD 4E 41 00 00 00 00 00 00 00 00 00 00 00 00
[   1.770s] feature0x0C addr=0x30 raw=11 01 0C 30 81 0D 79 01 00 00 00 00 00 00 00 00 00 00 00 00
[   1.785s] feature0x0C addr=0x10 raw=11 01 0C 10 53 00 4E 80 00 00 00 00 00 00 00 00 00 00 00 00
[   1.785s] feature0x0C addr=0x20 raw=11 01 0C 20 4E CD 4E 40 00 00 00 00 00 00 00 00 00 00 00 00
[   1.787s] feature0x0C addr=0x30 raw=11 01 0C 30 81 0D 79 00 00 00 00 00 00 00 00 00 00 00 00 00
[   1.801s] pressure=  4 bytes5_19=00 00 00 00 00 00 00 00 00 00 00 00 00 00 00
[   1.801s] feature0x0C addr=0x10 raw=11 01 0C 10 5E 40 4E 40 00 00 00 00 00 00 00 00 00 00 00 00
[   1.801s] feature0x0C addr=0x20 raw=11 01 0C 20 4E CD 4E 40 00 00 00 00 00 00 00 00 00 00 00 00
[   1.803s] feature0x0C addr=0x30 raw=11 01 0C 30 81 0D 79 00 00 00 00 00 00 00 00 00 00 00 00 00
[   1.817s] pressure=  9 bytes5_19=00 00 00 00 00 00 00 00 00 00 00 00 00 00 00
[   1.819s] feature0x0C addr=0x10 raw=11 01 0C 10 78 C0 4E 40 00 00 00 00 00 00 00 00 00 00 00 00
[   1.819s] feature0x0C addr=0x20 raw=11 01 0C 20 4E CD 4E 42 00 00 00 00 00 00 00 00 00 00 00 00
[   1.821s] feature0x0C addr=0x30 raw=11 01 0C 30 81 0D 79 02 00 00 00 00 00 00 00 00 00 00 00 00
[   1.833s] pressure= 10 bytes5_19=00 00 00 00 00 00 00 00 00 00 00 00 00 00 00
[   1.834s] feature0x0C addr=0x10 raw=11 01 0C 10 87 40 4E 40 00 00 00 00 00 00 00 00 00 00 00 00
[   1.836s] feature0x0C addr=0x20 raw=11 01 0C 20 4E CD 4E 44 00 00 00 00 00 00 00 00 00 00 00 00
[   1.836s] feature0x0C addr=0x30 raw=11 01 0C 30 81 0D 79 04 00 00 00 00 00 00 00 00 00 00 00 00
[   1.849s] feature0x0C addr=0x10 raw=11 01 0C 10 92 C0 4E 80 00 00 00 00 00 00 00 00 00 00 00 00
[   1.851s] feature0x0C addr=0x20 raw=11 01 0C 20 4E CD 4E 44 00 00 00 00 00 00 00 00 00 00 00 00
[   1.853s] feature0x0C addr=0x30 raw=11 01 0C 30 81 0D 79 04 00 00 00 00 00 00 00 00 00 00 00 00
[   1.868s] feature0x0C addr=0x10 raw=11 01 0C 10 93 80 4E 80 00 00 00 00 00 00 00 00 00 00 00 00
[   1.868s] feature0x0C addr=0x20 raw=11 01 0C 20 4E CD 4E 44 00 00 00 00 00 00 00 00 00 00 00 00
[   1.870s] feature0x0C addr=0x30 raw=11 01 0C 30 81 0D 79 04 00 00 00 00 00 00 00 00 00 00 00 00
[   1.883s] feature0x0C addr=0x10 raw=11 01 0C 10 93 C0 4E 80 00 00 00 00 00 00 00 00 00 00 00 00
[   1.885s] feature0x0C addr=0x20 raw=11 01 0C 20 4E CD 4E 43 00 00 00 00 00 00 00 00 00 00 00 00
[   1.885s] feature0x0C addr=0x30 raw=11 01 0C 30 81 0D 79 03 00 00 00 00 00 00 00 00 00 00 00 00
[   1.901s] feature0x0C addr=0x10 raw=11 01 0C 10 94 00 4E 80 00 00 00 00 00 00 00 00 00 00 00 00
[   1.901s] feature0x0C addr=0x20 raw=11 01 0C 20 4E CD 4E 43 00 00 00 00 00 00 00 00 00 00 00 00
[   1.903s] feature0x0C addr=0x30 raw=11 01 0C 30 81 0D 79 03 00 00 00 00 00 00 00 00 00 00 00 00
[   1.916s] feature0x0C addr=0x10 raw=11 01 0C 10 93 C0 4E 40 00 00 00 00 00 00 00 00 00 00 00 00
[   1.917s] feature0x0C addr=0x20 raw=11 01 0C 20 4E CD 4E 45 00 00 00 00 00 00 00 00 00 00 00 00
[   1.917s] feature0x0C addr=0x30 raw=11 01 0C 30 81 0D 79 05 00 00 00 00 00 00 00 00 00 00 00 00
[   1.933s] feature0x0C addr=0x10 raw=11 01 0C 10 93 C0 4E 40 00 00 00 00 00 00 00 00 00 00 00 00
[   1.935s] feature0x0C addr=0x20 raw=11 01 0C 20 4E CD 4E 47 00 00 00 00 00 00 00 00 00 00 00 00
[   1.935s] feature0x0C addr=0x30 raw=11 01 0C 30 81 0D 79 07 00 00 00 00 00 00 00 00 00 00 00 00
[   1.950s] feature0x0C addr=0x10 raw=11 01 0C 10 93 40 4E 40 00 00 00 00 00 00 00 00 00 00 00 00
[   1.951s] feature0x0C addr=0x20 raw=11 01 0C 20 4E CD 4E 47 00 00 00 00 00 00 00 00 00 00 00 00
[   1.952s] feature0x0C addr=0x30 raw=11 01 0C 30 81 0D 79 07 00 00 00 00 00 00 00 00 00 00 00 00
[   1.966s] feature0x0C addr=0x10 raw=11 01 0C 10 92 C0 4E 80 00 00 00 00 00 00 00 00 00 00 00 00
[   1.967s] feature0x0C addr=0x20 raw=11 01 0C 20 4E CD 4E 47 00 00 00 00 00 00 00 00 00 00 00 00
[   1.969s] feature0x0C addr=0x30 raw=11 01 0C 30 81 0D 79 07 00 00 00 00 00 00 00 00 00 00 00 00
[   1.983s] feature0x0C addr=0x10 raw=11 01 0C 10 8B 80 4E 40 00 00 00 00 00 00 00 00 00 00 00 00
[   1.984s] feature0x0C addr=0x20 raw=11 01 0C 20 4E CD 4E 47 00 00 00 00 00 00 00 00 00 00 00 00
[   1.985s] feature0x0C addr=0x30 raw=11 01 0C 30 81 0D 79 07 00 00 00 00 00 00 00 00 00 00 00 00
[   2.000s] pressure=  9 bytes5_19=00 00 00 00 00 00 00 00 00 00 00 00 00 00 00
[   2.000s] feature0x0C addr=0x10 raw=11 01 0C 10 76 C0 4E 40 00 00 00 00 00 00 00 00 00 00 00 00
[   2.001s] feature0x0C addr=0x20 raw=11 01 0C 20 4E CD 4E 46 00 00 00 00 00 00 00 00 00 00 00 00
[   2.002s] feature0x0C addr=0x30 raw=11 01 0C 30 81 0D 79 06 00 00 00 00 00 00 00 00 00 00 00 00
[   2.016s] pressure=  4 bytes5_19=00 00 00 00 00 00 00 00 00 00 00 00 00 00 00
[   2.018s] feature0x0C addr=0x10 raw=11 01 0C 10 59 C0 4E 80 00 00 00 00 00 00 00 00 00 00 00 00
[   2.018s] feature0x0C addr=0x20 raw=11 01 0C 20 4E CD 4E 46 00 00 00 00 00 00 00 00 00 00 00 00
[   2.019s] feature0x0C addr=0x30 raw=11 01 0C 30 81 0D 79 06 00 00 00 00 00 00 00 00 00 00 00 00
[   2.034s] pressure=  2 bytes5_19=00 00 00 00 00 00 00 00 00 00 00 00 00 00 00
[   2.034s] feature0x0C addr=0x10 raw=11 01 0C 10 52 40 4E 40 00 00 00 00 00 00 00 00 00 00 00 00
[   2.036s] feature0x0C addr=0x20 raw=11 01 0C 20 4E CD 4E 46 00 00 00 00 00 00 00 00 00 00 00 00
[   2.036s] feature0x0C addr=0x30 raw=11 01 0C 30 81 0D 79 06 00 00 00 00 00 00 00 00 00 00 00 00
[   2.050s] pressure=  1 bytes5_19=00 00 00 00 00 00 00 00 00 00 00 00 00 00 00
[   2.050s] feature0x0C addr=0x10 raw=11 01 0C 10 51 00 4E 00 00 00 00 00 00 00 00 00 00 00 00 00
[   2.050s] feature0x0C addr=0x20 raw=11 01 0C 20 4E CD 4E 44 00 00 00 00 00 00 00 00 00 00 00 00
[   2.052s] feature0x0C addr=0x30 raw=11 01 0C 30 81 0D 79 04 00 00 00 00 00 00 00 00 00 00 00 00
[   2.066s] feature0x0C addr=0x10 raw=11 01 0C 10 50 40 4E 80 00 00 00 00 00 00 00 00 00 00 00 00
[   2.067s] feature0x0C addr=0x20 raw=11 01 0C 20 4E CD 4E 42 00 00 00 00 00 00 00 00 00 00 00 00
[   2.067s] feature0x0C addr=0x30 raw=11 01 0C 30 81 0D 79 02 00 00 00 00 00 00 00 00 00 00 00 00
[   2.082s] feature0x0C addr=0x10 raw=11 01 0C 10 50 00 4E 80 00 00 00 00 00 00 00 00 00 00 00 00
[   2.084s] feature0x0C addr=0x20 raw=11 01 0C 20 4E CD 4E 42 00 00 00 00 00 00 00 00 00 00 00 00
[   2.084s] feature0x0C addr=0x30 raw=11 01 0C 30 81 0D 79 02 00 00 00 00 00 00 00 00 00 00 00 00
[   2.099s] feature0x0C addr=0x10 raw=11 01 0C 10 50 40 4E 40 00 00 00 00 00 00 00 00 00 00 00 00
[   2.099s] feature0x0C addr=0x20 raw=11 01 0C 20 4E CD 4E 41 00 00 00 00 00 00 00 00 00 00 00 00
[   2.101s] feature0x0C addr=0x30 raw=11 01 0C 30 81 0D 79 01 00 00 00 00 00 00 00 00 00 00 00 00
[   2.116s] feature0x0C addr=0x10 raw=11 01 0C 10 53 00 4E 80 00 00 00 00 00 00 00 00 00 00 00 00
[   2.117s] feature0x0C addr=0x20 raw=11 01 0C 20 4E CD 4E 41 00 00 00 00 00 00 00 00 00 00 00 00
[   2.119s] feature0x0C addr=0x30 raw=11 01 0C 30 81 0D 79 01 00 00 00 00 00 00 00 00 00 00 00 00
[   2.132s] pressure=  4 bytes5_19=00 00 00 00 00 00 00 00 00 00 00 00 00 00 00
[   2.134s] feature0x0C addr=0x10 raw=11 01 0C 10 5E 80 4E 40 00 00 00 00 00 00 00 00 00 00 00 00
[   2.134s] feature0x0C addr=0x20 raw=11 01 0C 20 4E CD 4E 41 00 00 00 00 00 00 00 00 00 00 00 00
[   2.136s] feature0x0C addr=0x30 raw=11 01 0C 30 81 0D 79 01 00 00 00 00 00 00 00 00 00 00 00 00
[   2.149s] pressure=  9 bytes5_19=00 00 00 00 00 00 00 00 00 00 00 00 00 00 00
[   2.150s] feature0x0C addr=0x10 raw=11 01 0C 10 78 80 4E 40 00 00 00 00 00 00 00 00 00 00 00 00
[   2.152s] feature0x0C addr=0x20 raw=11 01 0C 20 4E CD 4E 41 00 00 00 00 00 00 00 00 00 00 00 00
[   2.152s] feature0x0C addr=0x30 raw=11 01 0C 30 81 0D 79 01 00 00 00 00 00 00 00 00 00 00 00 00
[   2.166s] pressure= 10 bytes5_19=00 00 00 00 00 00 00 00 00 00 00 00 00 00 00
[   2.168s] feature0x0C addr=0x10 raw=11 01 0C 10 8A C0 4E 40 00 00 00 00 00 00 00 00 00 00 00 00
[   2.168s] feature0x0C addr=0x20 raw=11 01 0C 20 4E CD 4E 41 00 00 00 00 00 00 00 00 00 00 00 00
[   2.169s] feature0x0C addr=0x30 raw=11 01 0C 30 81 0D 79 01 00 00 00 00 00 00 00 00 00 00 00 00
[   2.183s] feature0x0C addr=0x10 raw=11 01 0C 10 93 00 4E 40 00 00 00 00 00 00 00 00 00 00 00 00
[   2.183s] feature0x0C addr=0x20 raw=11 01 0C 20 4E CD 4E 41 00 00 00 00 00 00 00 00 00 00 00 00
[   2.185s] feature0x0C addr=0x30 raw=11 01 0C 30 81 0D 79 01 00 00 00 00 00 00 00 00 00 00 00 00
[   2.201s] feature0x0C addr=0x10 raw=11 01 0C 10 93 80 4E 80 00 00 00 00 00 00 00 00 00 00 00 00
[   2.202s] feature0x0C addr=0x20 raw=11 01 0C 20 4E CD 4E 43 00 00 00 00 00 00 00 00 00 00 00 00
[   2.202s] feature0x0C addr=0x30 raw=11 01 0C 30 81 0D 79 03 00 00 00 00 00 00 00 00 00 00 00 00
[   2.217s] feature0x0C addr=0x10 raw=11 01 0C 10 93 80 4E 80 00 00 00 00 00 00 00 00 00 00 00 00
[   2.217s] feature0x0C addr=0x20 raw=11 01 0C 20 4E CD 4E 42 00 00 00 00 00 00 00 00 00 00 00 00
[   2.219s] feature0x0C addr=0x30 raw=11 01 0C 30 81 0D 79 02 00 00 00 00 00 00 00 00 00 00 00 00
[   2.235s] feature0x0C addr=0x10 raw=11 01 0C 10 93 80 4E 80 00 00 00 00 00 00 00 00 00 00 00 00
[   2.235s] feature0x0C addr=0x20 raw=11 01 0C 20 4E CD 4E 40 00 00 00 00 00 00 00 00 00 00 00 00
[   2.235s] feature0x0C addr=0x30 raw=11 01 0C 30 81 0D 79 00 00 00 00 00 00 00 00 00 00 00 00 00
[   2.250s] feature0x0C addr=0x10 raw=11 01 0C 10 93 80 4E 40 00 00 00 00 00 00 00 00 00 00 00 00
[   2.251s] feature0x0C addr=0x20 raw=11 01 0C 20 4E CD 4E 42 00 00 00 00 00 00 00 00 00 00 00 00
[   2.251s] feature0x0C addr=0x30 raw=11 01 0C 30 81 0D 79 02 00 00 00 00 00 00 00 00 00 00 00 00
[   2.267s] feature0x0C addr=0x10 raw=11 01 0C 10 93 80 4E 80 00 00 00 00 00 00 00 00 00 00 00 00
[   2.267s] feature0x0C addr=0x20 raw=11 01 0C 20 4E CD 4E 42 00 00 00 00 00 00 00 00 00 00 00 00
[   2.269s] feature0x0C addr=0x30 raw=11 01 0C 30 81 0D 79 02 00 00 00 00 00 00 00 00 00 00 00 00
[   2.283s] feature0x0C addr=0x10 raw=11 01 0C 10 93 00 4E 40 00 00 00 00 00 00 00 00 00 00 00 00
[   2.285s] feature0x0C addr=0x20 raw=11 01 0C 20 4E CD 4E 40 00 00 00 00 00 00 00 00 00 00 00 00
[   2.285s] feature0x0C addr=0x30 raw=11 01 0C 30 81 0D 79 00 00 00 00 00 00 00 00 00 00 00 00 00
[   2.300s] feature0x0C addr=0x10 raw=11 01 0C 10 92 80 4E 80 00 00 00 00 00 00 00 00 00 00 00 00
[   2.300s] feature0x0C addr=0x20 raw=11 01 0C 20 4E CD 4E 42 00 00 00 00 00 00 00 00 00 00 00 00
[   2.302s] feature0x0C addr=0x30 raw=11 01 0C 30 81 0D 79 02 00 00 00 00 00 00 00 00 00 00 00 00
[   2.317s] feature0x0C addr=0x10 raw=11 01 0C 10 8C 40 4E 80 00 00 00 00 00 00 00 00 00 00 00 00
[   2.317s] feature0x0C addr=0x20 raw=11 01 0C 20 4E CD 4E 42 00 00 00 00 00 00 00 00 00 00 00 00
[   2.318s] feature0x0C addr=0x30 raw=11 01 0C 30 81 0D 79 02 00 00 00 00 00 00 00 00 00 00 00 00
[   2.332s] pressure=  9 bytes5_19=00 00 00 00 00 00 00 00 00 00 00 00 00 00 00
[   2.334s] feature0x0C addr=0x10 raw=11 01 0C 10 76 00 4E 40 00 00 00 00 00 00 00 00 00 00 00 00
[   2.334s] feature0x0C addr=0x20 raw=11 01 0C 20 4E CD 4E 41 00 00 00 00 00 00 00 00 00 00 00 00
[   2.336s] feature0x0C addr=0x30 raw=11 01 0C 30 81 0D 79 01 00 00 00 00 00 00 00 00 00 00 00 00
[   2.350s] pressure=  3 bytes5_19=00 00 00 00 00 00 00 00 00 00 00 00 00 00 00
[   2.350s] feature0x0C addr=0x10 raw=11 01 0C 10 56 80 4E 40 00 00 00 00 00 00 00 00 00 00 00 00
[   2.352s] feature0x0C addr=0x20 raw=11 01 0C 20 4E CD 4E 41 00 00 00 00 00 00 00 00 00 00 00 00
[   2.352s] feature0x0C addr=0x30 raw=11 01 0C 30 81 0D 79 01 00 00 00 00 00 00 00 00 00 00 00 00
[   2.366s] pressure=  1 bytes5_19=00 00 00 00 00 00 00 00 00 00 00 00 00 00 00
[   2.367s] feature0x0C addr=0x10 raw=11 01 0C 10 51 80 4E 40 00 00 00 00 00 00 00 00 00 00 00 00
[   2.368s] feature0x0C addr=0x20 raw=11 01 0C 20 4E CD 4E 41 00 00 00 00 00 00 00 00 00 00 00 00
[   2.369s] feature0x0C addr=0x30 raw=11 01 0C 30 81 0D 79 01 00 00 00 00 00 00 00 00 00 00 00 00
[   2.383s] feature0x0C addr=0x10 raw=11 01 0C 10 50 00 4E 40 00 00 00 00 00 00 00 00 00 00 00 00
[   2.383s] feature0x0C addr=0x20 raw=11 01 0C 20 4E CD 4E 41 00 00 00 00 00 00 00 00 00 00 00 00
[   2.385s] feature0x0C addr=0x30 raw=11 01 0C 30 81 0D 79 01 00 00 00 00 00 00 00 00 00 00 00 00
[   2.399s] pressure=  0 bytes5_19=00 00 00 00 00 00 00 00 00 00 00 00 00 00 00
[   2.400s] feature0x0C addr=0x10 raw=11 01 0C 10 4F 80 4E 00 00 00 00 00 00 00 00 00 00 00 00 00
[   2.402s] feature0x0C addr=0x20 raw=11 01 0C 20 4E CE 4E 41 00 00 00 00 00 00 00 00 00 00 00 00
[   2.402s] feature0x0C addr=0x30 raw=11 01 0C 30 81 0E 79 01 00 00 00 00 00 00 00 00 00 00 00 00
[   2.416s] feature0x0C addr=0x10 raw=11 01 0C 10 4F 00 4E 00 00 00 00 00 00 00 00 00 00 00 00 00
[   2.416s] feature0x0C addr=0x20 raw=11 01 0C 20 4E D0 4E 3F 00 00 00 00 00 00 00 00 00 00 00 00
[   2.417s] feature0x0C addr=0x30 raw=11 01 0C 30 81 10 78 FF 00 00 00 00 00 00 00 00 00 00 00 00
[   2.432s] feature0x0C addr=0x10 raw=11 01 0C 10 4F 80 4E 00 00 00 00 00 00 00 00 00 00 00 00 00
[   2.434s] feature0x0C addr=0x20 raw=11 01 0C 20 4E D1 4E 40 00 00 00 00 00 00 00 00 00 00 00 00
[   2.434s] feature0x0C addr=0x30 raw=11 01 0C 30 81 11 79 00 00 00 00 00 00 00 00 00 00 00 00 00
[   2.450s] feature0x0C addr=0x10 raw=11 01 0C 10 4F C0 4E 00 00 00 00 00 00 00 00 00 00 00 00 00
[   2.450s] feature0x0C addr=0x20 raw=11 01 0C 20 4E D3 4E 40 00 00 00 00 00 00 00 00 00 00 00 00
[   2.452s] feature0x0C addr=0x30 raw=11 01 0C 30 81 13 79 00 00 00 00 00 00 00 00 00 00 00 00 00
[   2.464s] feature0x0C addr=0x10 raw=11 01 0C 10 50 40 4E 40 00 00 00 00 00 00 00 00 00 00 00 00
[   2.466s] feature0x0C addr=0x20 raw=11 01 0C 20 4E D5 4E 40 00 00 00 00 00 00 00 00 00 00 00 00
[   2.467s] feature0x0C addr=0x30 raw=11 01 0C 30 81 15 79 00 00 00 00 00 00 00 00 00 00 00 00 00
[   2.482s] pressure=  1 bytes5_19=00 00 00 00 00 00 00 00 00 00 00 00 00 00 00
[   2.483s] feature0x0C addr=0x10 raw=11 01 0C 10 52 40 4E 40 00 00 00 00 00 00 00 00 00 00 00 00
[   2.484s] feature0x0C addr=0x20 raw=11 01 0C 20 4E D6 4E 40 00 00 00 00 00 00 00 00 00 00 00 00
[   2.485s] feature0x0C addr=0x30 raw=11 01 0C 30 81 16 79 00 00 00 00 00 00 00 00 00 00 00 00 00
[   2.499s] pressure=  9 bytes5_19=00 00 00 00 00 00 00 00 00 00 00 00 00 00 00
[   2.501s] feature0x0C addr=0x10 raw=11 01 0C 10 79 00 4E 80 00 00 00 00 00 00 00 00 00 00 00 00
[   2.501s] feature0x0C addr=0x20 raw=11 01 0C 20 4E D6 4E 40 00 00 00 00 00 00 00 00 00 00 00 00
[   2.503s] feature0x0C addr=0x30 raw=11 01 0C 30 81 16 79 00 00 00 00 00 00 00 00 00 00 00 00 00
[   2.516s] pressure= 10 bytes5_19=00 00 00 00 00 00 00 00 00 00 00 00 00 00 00
[   2.518s] feature0x0C addr=0x10 raw=11 01 0C 10 90 80 4E 00 00 00 00 00 00 00 00 00 00 00 00 00
[   2.518s] feature0x0C addr=0x20 raw=11 01 0C 20 4E D6 4E 42 00 00 00 00 00 00 00 00 00 00 00 00
[   2.520s] feature0x0C addr=0x30 raw=11 01 0C 30 81 16 79 02 00 00 00 00 00 00 00 00 00 00 00 00
[   2.534s] feature0x0C addr=0x10 raw=11 01 0C 10 93 C0 4E 00 00 00 00 00 00 00 00 00 00 00 00 00
[   2.534s] feature0x0C addr=0x20 raw=11 01 0C 20 4E D6 4E 42 00 00 00 00 00 00 00 00 00 00 00 00
[   2.535s] feature0x0C addr=0x30 raw=11 01 0C 30 81 16 79 02 00 00 00 00 00 00 00 00 00 00 00 00
[   2.550s] feature0x0C addr=0x10 raw=11 01 0C 10 94 00 4E 00 00 00 00 00 00 00 00 00 00 00 00 00
[   2.550s] feature0x0C addr=0x20 raw=11 01 0C 20 4E D6 4E 41 00 00 00 00 00 00 00 00 00 00 00 00
[   2.551s] feature0x0C addr=0x30 raw=11 01 0C 30 81 16 79 01 00 00 00 00 00 00 00 00 00 00 00 00
[   2.566s] feature0x0C addr=0x10 raw=11 01 0C 10 93 C0 4E 80 00 00 00 00 00 00 00 00 00 00 00 00
[   2.567s] feature0x0C addr=0x20 raw=11 01 0C 20 4E D6 4E 41 00 00 00 00 00 00 00 00 00 00 00 00
[   2.568s] feature0x0C addr=0x30 raw=11 01 0C 30 81 16 79 01 00 00 00 00 00 00 00 00 00 00 00 00
[   2.582s] feature0x0C addr=0x10 raw=11 01 0C 10 94 00 4E 40 00 00 00 00 00 00 00 00 00 00 00 00
[   2.583s] feature0x0C addr=0x20 raw=11 01 0C 20 4E D6 4E 41 00 00 00 00 00 00 00 00 00 00 00 00
[   2.584s] feature0x0C addr=0x30 raw=11 01 0C 30 81 16 79 01 00 00 00 00 00 00 00 00 00 00 00 00
[   2.599s] feature0x0C addr=0x10 raw=11 01 0C 10 93 C0 4E 80 00 00 00 00 00 00 00 00 00 00 00 00
[   2.600s] feature0x0C addr=0x20 raw=11 01 0C 20 4E D6 4E 41 00 00 00 00 00 00 00 00 00 00 00 00
[   2.601s] feature0x0C addr=0x30 raw=11 01 0C 30 81 16 79 01 00 00 00 00 00 00 00 00 00 00 00 00
[   2.616s] feature0x0C addr=0x10 raw=11 01 0C 10 94 00 4E 40 00 00 00 00 00 00 00 00 00 00 00 00
[   2.618s] feature0x0C addr=0x20 raw=11 01 0C 20 4E D6 4E 41 00 00 00 00 00 00 00 00 00 00 00 00
[   2.618s] feature0x0C addr=0x30 raw=11 01 0C 30 81 16 79 01 00 00 00 00 00 00 00 00 00 00 00 00
[   2.632s] feature0x0C addr=0x10 raw=11 01 0C 10 94 00 4E 40 00 00 00 00 00 00 00 00 00 00 00 00
[   2.634s] feature0x0C addr=0x20 raw=11 01 0C 20 4E D6 4E 41 00 00 00 00 00 00 00 00 00 00 00 00
[   2.634s] feature0x0C addr=0x30 raw=11 01 0C 30 81 16 79 01 00 00 00 00 00 00 00 00 00 00 00 00
[   2.650s] feature0x0C addr=0x10 raw=11 01 0C 10 93 C0 4E 40 00 00 00 00 00 00 00 00 00 00 00 00
[   2.650s] feature0x0C addr=0x20 raw=11 01 0C 20 4E D6 4E 41 00 00 00 00 00 00 00 00 00 00 00 00
[   2.652s] feature0x0C addr=0x30 raw=11 01 0C 30 81 16 79 01 00 00 00 00 00 00 00 00 00 00 00 00
[   2.666s] feature0x0C addr=0x10 raw=11 01 0C 10 92 80 4E 40 00 00 00 00 00 00 00 00 00 00 00 00
[   2.666s] feature0x0C addr=0x20 raw=11 01 0C 20 4E D6 4E 40 00 00 00 00 00 00 00 00 00 00 00 00
[   2.668s] feature0x0C addr=0x30 raw=11 01 0C 30 81 16 79 00 00 00 00 00 00 00 00 00 00 00 00 00
[   2.682s] feature0x0C addr=0x10 raw=11 01 0C 10 8B C0 4E 80 00 00 00 00 00 00 00 00 00 00 00 00
[   2.684s] feature0x0C addr=0x20 raw=11 01 0C 20 4E D6 4E 40 00 00 00 00 00 00 00 00 00 00 00 00
[   2.684s] feature0x0C addr=0x30 raw=11 01 0C 30 81 16 79 00 00 00 00 00 00 00 00 00 00 00 00 00
[   2.699s] pressure=  9 bytes5_19=00 00 00 00 00 00 00 00 00 00 00 00 00 00 00
[   2.700s] feature0x0C addr=0x10 raw=11 01 0C 10 75 40 4E 00 00 00 00 00 00 00 00 00 00 00 00 00
[   2.701s] feature0x0C addr=0x20 raw=11 01 0C 20 4E D6 4E 40 00 00 00 00 00 00 00 00 00 00 00 00
[   2.702s] feature0x0C addr=0x30 raw=11 01 0C 30 81 16 79 00 00 00 00 00 00 00 00 00 00 00 00 00
[   2.715s] pressure=  4 bytes5_19=00 00 00 00 00 00 00 00 00 00 00 00 00 00 00
[   2.717s] feature0x0C addr=0x10 raw=11 01 0C 10 59 40 4E 40 00 00 00 00 00 00 00 00 00 00 00 00
[   2.717s] feature0x0C addr=0x20 raw=11 01 0C 20 4E D6 4E 40 00 00 00 00 00 00 00 00 00 00 00 00
[   2.719s] feature0x0C addr=0x30 raw=11 01 0C 30 81 16 79 00 00 00 00 00 00 00 00 00 00 00 00 00
[   2.732s] pressure=  2 bytes5_19=00 00 00 00 00 00 00 00 00 00 00 00 00 00 00
[   2.733s] feature0x0C addr=0x10 raw=11 01 0C 10 52 80 4E 80 00 00 00 00 00 00 00 00 00 00 00 00
[   2.735s] feature0x0C addr=0x20 raw=11 01 0C 20 4E D6 4E 40 00 00 00 00 00 00 00 00 00 00 00 00
[   2.735s] feature0x0C addr=0x30 raw=11 01 0C 30 81 16 79 00 00 00 00 00 00 00 00 00 00 00 00 00
[   2.749s] pressure=  1 bytes5_19=00 00 00 00 00 00 00 00 00 00 00 00 00 00 00
[   2.750s] feature0x0C addr=0x10 raw=11 01 0C 10 51 40 4E 40 00 00 00 00 00 00 00 00 00 00 00 00
[   2.751s] feature0x0C addr=0x20 raw=11 01 0C 20 4E D6 4E 40 00 00 00 00 00 00 00 00 00 00 00 00
[   2.752s] feature0x0C addr=0x30 raw=11 01 0C 30 81 16 79 00 00 00 00 00 00 00 00 00 00 00 00 00
[   2.766s] feature0x0C addr=0x10 raw=11 01 0C 10 50 40 4E 40 00 00 00 00 00 00 00 00 00 00 00 00
[   2.767s] feature0x0C addr=0x20 raw=11 01 0C 20 4E D6 4E 40 00 00 00 00 00 00 00 00 00 00 00 00
[   2.768s] feature0x0C addr=0x30 raw=11 01 0C 30 81 16 79 00 00 00 00 00 00 00 00 00 00 00 00 00
[   2.783s] feature0x0C addr=0x10 raw=11 01 0C 10 51 40 4E 80 00 00 00 00 00 00 00 00 00 00 00 00
[   2.784s] feature0x0C addr=0x20 raw=11 01 0C 20 4E D6 4E 41 00 00 00 00 00 00 00 00 00 00 00 00
[   2.785s] feature0x0C addr=0x30 raw=11 01 0C 30 81 16 79 01 00 00 00 00 00 00 00 00 00 00 00 00
[   2.799s] pressure=  2 bytes5_19=00 00 00 00 00 00 00 00 00 00 00 00 00 00 00
[   2.800s] feature0x0C addr=0x10 raw=11 01 0C 10 54 C0 4E 40 00 00 00 00 00 00 00 00 00 00 00 00
[   2.801s] feature0x0C addr=0x20 raw=11 01 0C 20 4E D6 4E 41 00 00 00 00 00 00 00 00 00 00 00 00
[   2.802s] feature0x0C addr=0x30 raw=11 01 0C 30 81 16 79 01 00 00 00 00 00 00 00 00 00 00 00 00
[   2.816s] pressure=  9 bytes5_19=00 00 00 00 00 00 00 00 00 00 00 00 00 00 00
[   2.818s] feature0x0C addr=0x10 raw=11 01 0C 10 7D 80 4E 80 00 00 00 00 00 00 00 00 00 00 00 00
[   2.818s] feature0x0C addr=0x20 raw=11 01 0C 20 4E D6 4E 41 00 00 00 00 00 00 00 00 00 00 00 00
[   2.819s] feature0x0C addr=0x30 raw=11 01 0C 30 81 16 79 01 00 00 00 00 00 00 00 00 00 00 00 00
[   2.832s] pressure= 10 bytes5_19=00 00 00 00 00 00 00 00 00 00 00 00 00 00 00
[   2.833s] feature0x0C addr=0x10 raw=11 01 0C 10 8E 00 4E 40 00 00 00 00 00 00 00 00 00 00 00 00
[   2.834s] feature0x0C addr=0x20 raw=11 01 0C 20 4E D6 4E 41 00 00 00 00 00 00 00 00 00 00 00 00
[   2.835s] feature0x0C addr=0x30 raw=11 01 0C 30 81 16 79 01 00 00 00 00 00 00 00 00 00 00 00 00
[   2.849s] feature0x0C addr=0x10 raw=11 01 0C 10 93 00 4E 40 00 00 00 00 00 00 00 00 00 00 00 00
[   2.850s] feature0x0C addr=0x20 raw=11 01 0C 20 4E D6 4E 41 00 00 00 00 00 00 00 00 00 00 00 00
[   2.852s] feature0x0C addr=0x30 raw=11 01 0C 30 81 16 79 01 00 00 00 00 00 00 00 00 00 00 00 00
[   2.867s] feature0x0C addr=0x10 raw=11 01 0C 10 92 C0 4E 80 00 00 00 00 00 00 00 00 00 00 00 00
[   2.867s] feature0x0C addr=0x20 raw=11 01 0C 20 4E D6 4E 41 00 00 00 00 00 00 00 00 00 00 00 00
[   2.868s] feature0x0C addr=0x30 raw=11 01 0C 30 81 16 79 01 00 00 00 00 00 00 00 00 00 00 00 00
[   2.882s] feature0x0C addr=0x10 raw=11 01 0C 10 92 00 4E C0 00 00 00 00 00 00 00 00 00 00 00 00
[   2.884s] feature0x0C addr=0x20 raw=11 01 0C 20 4E D6 4E 42 00 00 00 00 00 00 00 00 00 00 00 00
[   2.884s] feature0x0C addr=0x30 raw=11 01 0C 30 81 16 79 02 00 00 00 00 00 00 00 00 00 00 00 00
[   2.899s] feature0x0C addr=0x10 raw=11 01 0C 10 90 C0 4E 00 00 00 00 00 00 00 00 00 00 00 00 00
[   2.901s] feature0x0C addr=0x20 raw=11 01 0C 20 4E D6 4E 44 00 00 00 00 00 00 00 00 00 00 00 00
[   2.901s] feature0x0C addr=0x30 raw=11 01 0C 30 81 16 79 04 00 00 00 00 00 00 00 00 00 00 00 00
[   2.915s] feature0x0C addr=0x10 raw=11 01 0C 10 91 80 4E 80 00 00 00 00 00 00 00 00 00 00 00 00
[   2.916s] feature0x0C addr=0x20 raw=11 01 0C 20 4E D6 4E 46 00 00 00 00 00 00 00 00 00 00 00 00
[   2.917s] feature0x0C addr=0x30 raw=11 01 0C 30 81 16 79 06 00 00 00 00 00 00 00 00 00 00 00 00
[   2.933s] feature0x0C addr=0x10 raw=11 01 0C 10 92 C0 4E 40 00 00 00 00 00 00 00 00 00 00 00 00
[   2.933s] feature0x0C addr=0x20 raw=11 01 0C 20 4E D6 4E 46 00 00 00 00 00 00 00 00 00 00 00 00
[   2.935s] feature0x0C addr=0x30 raw=11 01 0C 30 81 16 79 06 00 00 00 00 00 00 00 00 00 00 00 00
[   2.949s] feature0x0C addr=0x10 raw=11 01 0C 10 92 40 4E 80 00 00 00 00 00 00 00 00 00 00 00 00
[   2.950s] feature0x0C addr=0x20 raw=11 01 0C 20 4E D6 4E 46 00 00 00 00 00 00 00 00 00 00 00 00
[   2.951s] feature0x0C addr=0x30 raw=11 01 0C 30 81 16 79 06 00 00 00 00 00 00 00 00 00 00 00 00
[   2.965s] feature0x0C addr=0x10 raw=11 01 0C 10 8A 00 4E 40 00 00 00 00 00 00 00 00 00 00 00 00
[   2.966s] feature0x0C addr=0x20 raw=11 01 0C 20 4E D6 4E 46 00 00 00 00 00 00 00 00 00 00 00 00
[   2.967s] feature0x0C addr=0x30 raw=11 01 0C 30 81 16 79 06 00 00 00 00 00 00 00 00 00 00 00 00
[   2.983s] pressure=  9 bytes5_19=00 00 00 00 00 00 00 00 00 00 00 00 00 00 00
[   2.983s] feature0x0C addr=0x10 raw=11 01 0C 10 76 00 4E 40 00 00 00 00 00 00 00 00 00 00 00 00
[   2.985s] feature0x0C addr=0x20 raw=11 01 0C 20 4E D6 4E 44 00 00 00 00 00 00 00 00 00 00 00 00
[   2.985s] feature0x0C addr=0x30 raw=11 01 0C 30 81 16 79 04 00 00 00 00 00 00 00 00 00 00 00 00
[   2.999s] pressure=  4 bytes5_19=00 00 00 00 00 00 00 00 00 00 00 00 00 00 00
[   2.999s] feature0x0C addr=0x10 raw=11 01 0C 10 58 C0 4E 80 00 00 00 00 00 00 00 00 00 00 00 00
[   3.001s] feature0x0C addr=0x20 raw=11 01 0C 20 4E D6 4E 43 00 00 00 00 00 00 00 00 00 00 00 00
[   3.001s] feature0x0C addr=0x30 raw=11 01 0C 30 81 16 79 03 00 00 00 00 00 00 00 00 00 00 00 00
[   3.015s] pressure=  2 bytes5_19=00 00 00 00 00 00 00 00 00 00 00 00 00 00 00
[   3.016s] feature0x0C addr=0x10 raw=11 01 0C 10 53 00 4E 40 00 00 00 00 00 00 00 00 00 00 00 00
[   3.018s] feature0x0C addr=0x20 raw=11 01 0C 20 4E D6 4E 43 00 00 00 00 00 00 00 00 00 00 00 00
[   3.018s] feature0x0C addr=0x30 raw=11 01 0C 30 81 16 79 03 00 00 00 00 00 00 00 00 00 00 00 00
[   3.032s] feature0x0C addr=0x10 raw=11 01 0C 10 52 40 4E 00 00 00 00 00 00 00 00 00 00 00 00 00
[   3.034s] feature0x0C addr=0x20 raw=11 01 0C 20 4E D6 4E 43 00 00 00 00 00 00 00 00 00 00 00 00
[   3.034s] feature0x0C addr=0x30 raw=11 01 0C 30 81 16 79 03 00 00 00 00 00 00 00 00 00 00 00 00
[   3.049s] pressure=  1 bytes5_19=00 00 00 00 00 00 00 00 00 00 00 00 00 00 00
[   3.049s] feature0x0C addr=0x10 raw=11 01 0C 10 50 80 4E 80 00 00 00 00 00 00 00 00 00 00 00 00
[   3.051s] feature0x0C addr=0x20 raw=11 01 0C 20 4E D6 4E 43 00 00 00 00 00 00 00 00 00 00 00 00
[   3.051s] feature0x0C addr=0x30 raw=11 01 0C 30 81 16 79 03 00 00 00 00 00 00 00 00 00 00 00 00
[   3.066s] pressure=  0 bytes5_19=00 00 00 00 00 00 00 00 00 00 00 00 00 00 00
[   3.066s] feature0x0C addr=0x10 raw=11 01 0C 10 4F 40 4E 40 00 00 00 00 00 00 00 00 00 00 00 00
[   3.067s] feature0x0C addr=0x20 raw=11 01 0C 20 4E D6 4E 41 00 00 00 00 00 00 00 00 00 00 00 00
[   3.069s] feature0x0C addr=0x30 raw=11 01 0C 30 81 16 79 01 00 00 00 00 00 00 00 00 00 00 00 00
[   3.081s] feature0x0C addr=0x10 raw=11 01 0C 10 4F 00 4E 40 00 00 00 00 00 00 00 00 00 00 00 00
[   3.082s] feature0x0C addr=0x20 raw=11 01 0C 20 4E D8 4E 41 00 00 00 00 00 00 00 00 00 00 00 00
[   3.083s] feature0x0C addr=0x30 raw=11 01 0C 30 81 18 79 01 00 00 00 00 00 00 00 00 00 00 00 00
[   3.098s] feature0x0C addr=0x10 raw=11 01 0C 10 4E C0 4E 40 00 00 00 00 00 00 00 00 00 00 00 00
[   3.100s] feature0x0C addr=0x20 raw=11 01 0C 20 4E D9 4E 42 00 00 00 00 00 00 00 00 00 00 00 00
[   3.100s] feature0x0C addr=0x30 raw=11 01 0C 30 81 19 79 02 00 00 00 00 00 00 00 00 00 00 00 00
[   3.115s] feature0x0C addr=0x10 raw=11 01 0C 10 4E C0 4E 40 00 00 00 00 00 00 00 00 00 00 00 00
[   3.117s] feature0x0C addr=0x20 raw=11 01 0C 20 4E DB 4E 40 00 00 00 00 00 00 00 00 00 00 00 00
[   3.117s] feature0x0C addr=0x30 raw=11 01 0C 30 81 1B 79 00 00 00 00 00 00 00 00 00 00 00 00 00
[   3.131s] feature0x0C addr=0x10 raw=11 01 0C 10 4F 00 4E 40 00 00 00 00 00 00 00 00 00 00 00 00
[   3.133s] feature0x0C addr=0x20 raw=11 01 0C 20 4E D9 4E 42 00 00 00 00 00 00 00 00 00 00 00 00
[   3.133s] feature0x0C addr=0x30 raw=11 01 0C 30 81 19 79 02 00 00 00 00 00 00 00 00 00 00 00 00
[   3.148s] feature0x0C addr=0x10 raw=11 01 0C 10 4F 00 4E 40 00 00 00 00 00 00 00 00 00 00 00 00
[   3.149s] feature0x0C addr=0x20 raw=11 01 0C 20 4E D9 4E 40 00 00 00 00 00 00 00 00 00 00 00 00
[   3.150s] feature0x0C addr=0x30 raw=11 01 0C 30 81 19 79 00 00 00 00 00 00 00 00 00 00 00 00 00
[   3.165s] feature0x0C addr=0x10 raw=11 01 0C 10 4F 00 4E 40 00 00 00 00 00 00 00 00 00 00 00 00
[   3.167s] feature0x0C addr=0x20 raw=11 01 0C 20 4E DB 4E 40 00 00 00 00 00 00 00 00 00 00 00 00
[   3.167s] feature0x0C addr=0x30 raw=11 01 0C 30 81 1B 79 00 00 00 00 00 00 00 00 00 00 00 00 00
[   3.183s] feature0x0C addr=0x10 raw=11 01 0C 10 4F 80 4E C0 00 00 00 00 00 00 00 00 00 00 00 00
[   3.184s] feature0x0C addr=0x20 raw=11 01 0C 20 4E DD 4E 42 00 00 00 00 00 00 00 00 00 00 00 00
[   3.184s] feature0x0C addr=0x30 raw=11 01 0C 30 81 1D 79 02 00 00 00 00 00 00 00 00 00 00 00 00
[   3.199s] pressure=  1 bytes5_19=00 00 00 00 00 00 00 00 00 00 00 00 00 00 00
[   3.200s] feature0x0C addr=0x10 raw=11 01 0C 10 52 40 4E 80 00 00 00 00 00 00 00 00 00 00 00 00
[   3.201s] feature0x0C addr=0x20 raw=11 01 0C 20 4E DE 4E 40 00 00 00 00 00 00 00 00 00 00 00 00
[   3.202s] feature0x0C addr=0x30 raw=11 01 0C 30 81 1E 79 00 00 00 00 00 00 00 00 00 00 00 00 00
[   3.216s] pressure=  7 bytes5_19=00 00 00 00 00 00 00 00 00 00 00 00 00 00 00
[   3.216s] feature0x0C addr=0x10 raw=11 01 0C 10 6A 80 4E 40 00 00 00 00 00 00 00 00 00 00 00 00
[   3.217s] feature0x0C addr=0x20 raw=11 01 0C 20 4E DE 4E 41 00 00 00 00 00 00 00 00 00 00 00 00
[   3.219s] feature0x0C addr=0x30 raw=11 01 0C 30 81 1E 79 01 00 00 00 00 00 00 00 00 00 00 00 00
[   3.233s] pressure= 10 bytes5_19=00 00 00 00 00 00 00 00 00 00 00 00 00 00 00
[   3.233s] feature0x0C addr=0x10 raw=11 01 0C 10 8A 00 4E 40 00 00 00 00 00 00 00 00 00 00 00 00
[   3.234s] feature0x0C addr=0x20 raw=11 01 0C 20 4E DE 4E 41 00 00 00 00 00 00 00 00 00 00 00 00
[   3.235s] feature0x0C addr=0x30 raw=11 01 0C 30 81 1E 79 01 00 00 00 00 00 00 00 00 00 00 00 00
[   3.248s] feature0x0C addr=0x10 raw=11 01 0C 10 93 40 4E 40 00 00 00 00 00 00 00 00 00 00 00 00
[   3.249s] feature0x0C addr=0x20 raw=11 01 0C 20 4E DE 4E 43 00 00 00 00 00 00 00 00 00 00 00 00
[   3.250s] feature0x0C addr=0x30 raw=11 01 0C 30 81 1E 79 03 00 00 00 00 00 00 00 00 00 00 00 00
[   3.265s] feature0x0C addr=0x10 raw=11 01 0C 10 94 40 4E 80 00 00 00 00 00 00 00 00 00 00 00 00
[   3.266s] feature0x0C addr=0x20 raw=11 01 0C 20 4E DE 4E 45 00 00 00 00 00 00 00 00 00 00 00 00
[   3.267s] feature0x0C addr=0x30 raw=11 01 0C 30 81 1E 79 05 00 00 00 00 00 00 00 00 00 00 00 00
[   3.283s] feature0x0C addr=0x10 raw=11 01 0C 10 94 C0 4E 40 00 00 00 00 00 00 00 00 00 00 00 00
[   3.283s] feature0x0C addr=0x20 raw=11 01 0C 20 4E DE 4E 45 00 00 00 00 00 00 00 00 00 00 00 00
[   3.284s] feature0x0C addr=0x30 raw=11 01 0C 30 81 1E 79 05 00 00 00 00 00 00 00 00 00 00 00 00
[   3.298s] feature0x0C addr=0x10 raw=11 01 0C 10 95 00 4E 40 00 00 00 00 00 00 00 00 00 00 00 00
[   3.300s] feature0x0C addr=0x20 raw=11 01 0C 20 4E DE 4E 45 00 00 00 00 00 00 00 00 00 00 00 00
[   3.300s] feature0x0C addr=0x30 raw=11 01 0C 30 81 1E 79 05 00 00 00 00 00 00 00 00 00 00 00 00
[   3.316s] feature0x0C addr=0x10 raw=11 01 0C 10 95 40 4E 40 00 00 00 00 00 00 00 00 00 00 00 00
[   3.316s] feature0x0C addr=0x20 raw=11 01 0C 20 4E DE 4E 43 00 00 00 00 00 00 00 00 00 00 00 00
[   3.318s] feature0x0C addr=0x30 raw=11 01 0C 30 81 1E 79 03 00 00 00 00 00 00 00 00 00 00 00 00
[   3.331s] feature0x0C addr=0x10 raw=11 01 0C 10 95 40 4E 40 00 00 00 00 00 00 00 00 00 00 00 00
[   3.333s] feature0x0C addr=0x20 raw=11 01 0C 20 4E DE 4E 44 00 00 00 00 00 00 00 00 00 00 00 00
[   3.335s] feature0x0C addr=0x30 raw=11 01 0C 30 81 1E 79 04 00 00 00 00 00 00 00 00 00 00 00 00
[   3.350s] feature0x0C addr=0x10 raw=11 01 0C 10 95 40 4E 80 00 00 00 00 00 00 00 00 00 00 00 00
[   3.351s] feature0x0C addr=0x20 raw=11 01 0C 20 4E DE 4E 44 00 00 00 00 00 00 00 00 00 00 00 00
[   3.351s] feature0x0C addr=0x30 raw=11 01 0C 30 81 1E 79 04 00 00 00 00 00 00 00 00 00 00 00 00
[   3.366s] feature0x0C addr=0x10 raw=11 01 0C 10 96 00 4E 80 00 00 00 00 00 00 00 00 00 00 00 00
[   3.368s] feature0x0C addr=0x20 raw=11 01 0C 20 4E DE 4E 46 00 00 00 00 00 00 00 00 00 00 00 00
[   3.368s] feature0x0C addr=0x30 raw=11 01 0C 30 81 1E 79 06 00 00 00 00 00 00 00 00 00 00 00 00
[   3.382s] feature0x0C addr=0x10 raw=11 01 0C 10 96 80 4E 80 00 00 00 00 00 00 00 00 00 00 00 00
[   3.384s] feature0x0C addr=0x20 raw=11 01 0C 20 4E DE 4E 48 00 00 00 00 00 00 00 00 00 00 00 00
[   3.384s] feature0x0C addr=0x30 raw=11 01 0C 30 81 1E 79 08 00 00 00 00 00 00 00 00 00 00 00 00
[   3.399s] feature0x0C addr=0x10 raw=11 01 0C 10 96 80 4E 80 00 00 00 00 00 00 00 00 00 00 00 00
[   3.400s] feature0x0C addr=0x20 raw=11 01 0C 20 4E DE 4E 48 00 00 00 00 00 00 00 00 00 00 00 00
[   3.401s] feature0x0C addr=0x30 raw=11 01 0C 30 81 1E 79 08 00 00 00 00 00 00 00 00 00 00 00 00
[   3.415s] feature0x0C addr=0x10 raw=11 01 0C 10 96 C0 4E 40 00 00 00 00 00 00 00 00 00 00 00 00
[   3.416s] feature0x0C addr=0x20 raw=11 01 0C 20 4E DE 4E 4A 00 00 00 00 00 00 00 00 00 00 00 00
[   3.418s] feature0x0C addr=0x30 raw=11 01 0C 30 81 1E 79 0A 00 00 00 00 00 00 00 00 00 00 00 00
[   3.432s] feature0x0C addr=0x10 raw=11 01 0C 10 97 40 4E C0 00 00 00 00 00 00 00 00 00 00 00 00
[   3.433s] feature0x0C addr=0x20 raw=11 01 0C 20 4E DE 4E 4C 00 00 00 00 00 00 00 00 00 00 00 00
[   3.435s] feature0x0C addr=0x30 raw=11 01 0C 30 81 1E 79 0C 00 00 00 00 00 00 00 00 00 00 00 00
[   3.450s] feature0x0C addr=0x10 raw=11 01 0C 10 97 80 4E 80 00 00 00 00 00 00 00 00 00 00 00 00
[   3.451s] feature0x0C addr=0x20 raw=11 01 0C 20 4E DE 4E 4D 00 00 00 00 00 00 00 00 00 00 00 00
[   3.451s] feature0x0C addr=0x30 raw=11 01 0C 30 81 1E 79 0D 00 00 00 00 00 00 00 00 00 00 00 00
[   3.465s] feature0x0C addr=0x10 raw=11 01 0C 10 97 40 4E 80 00 00 00 00 00 00 00 00 00 00 00 00
[   3.467s] feature0x0C addr=0x20 raw=11 01 0C 20 4E DE 4E 4F 00 00 00 00 00 00 00 00 00 00 00 00
[   3.467s] feature0x0C addr=0x30 raw=11 01 0C 30 81 1E 79 0F 00 00 00 00 00 00 00 00 00 00 00 00
[   3.482s] feature0x0C addr=0x10 raw=11 01 0C 10 97 80 4E 40 00 00 00 00 00 00 00 00 00 00 00 00
[   3.482s] feature0x0C addr=0x20 raw=11 01 0C 20 4E DE 4E 51 00 00 00 00 00 00 00 00 00 00 00 00
[   3.484s] feature0x0C addr=0x30 raw=11 01 0C 30 81 1E 79 11 00 00 00 00 00 00 00 00 00 00 00 00
[   3.498s] feature0x0C addr=0x10 raw=11 01 0C 10 97 40 4E 40 00 00 00 00 00 00 00 00 00 00 00 00
[   3.499s] feature0x0C addr=0x20 raw=11 01 0C 20 4E DE 4E 53 00 00 00 00 00 00 00 00 00 00 00 00
[   3.501s] feature0x0C addr=0x30 raw=11 01 0C 30 81 1E 79 13 00 00 00 00 00 00 00 00 00 00 00 00
[   3.515s] feature0x0C addr=0x10 raw=11 01 0C 10 97 00 4E 80 00 00 00 00 00 00 00 00 00 00 00 00
[   3.517s] feature0x0C addr=0x20 raw=11 01 0C 20 4E DE 4E 55 00 00 00 00 00 00 00 00 00 00 00 00
[   3.517s] feature0x0C addr=0x30 raw=11 01 0C 30 81 1E 79 15 00 00 00 00 00 00 00 00 00 00 00 00
[   3.533s] feature0x0C addr=0x10 raw=11 01 0C 10 96 C0 4E 80 00 00 00 00 00 00 00 00 00 00 00 00
[   3.533s] feature0x0C addr=0x20 raw=11 01 0C 20 4E DE 4E 57 00 00 00 00 00 00 00 00 00 00 00 00
[   3.535s] feature0x0C addr=0x30 raw=11 01 0C 30 81 1E 79 17 00 00 00 00 00 00 00 00 00 00 00 00
[   3.548s] feature0x0C addr=0x10 raw=11 01 0C 10 96 40 4E 80 00 00 00 00 00 00 00 00 00 00 00 00
[   3.549s] feature0x0C addr=0x20 raw=11 01 0C 20 4E DE 4E 56 00 00 00 00 00 00 00 00 00 00 00 00
[   3.550s] feature0x0C addr=0x30 raw=11 01 0C 30 81 1E 79 16 00 00 00 00 00 00 00 00 00 00 00 00
[   3.566s] feature0x0C addr=0x10 raw=11 01 0C 10 96 40 4E 80 00 00 00 00 00 00 00 00 00 00 00 00
[   3.566s] feature0x0C addr=0x20 raw=11 01 0C 20 4E DE 4E 54 00 00 00 00 00 00 00 00 00 00 00 00
[   3.567s] feature0x0C addr=0x30 raw=11 01 0C 30 81 1E 79 14 00 00 00 00 00 00 00 00 00 00 00 00
[   3.582s] feature0x0C addr=0x10 raw=11 01 0C 10 96 40 4E 80 00 00 00 00 00 00 00 00 00 00 00 00
[   3.582s] feature0x0C addr=0x20 raw=11 01 0C 20 4E DE 4E 56 00 00 00 00 00 00 00 00 00 00 00 00
[   3.583s] feature0x0C addr=0x30 raw=11 01 0C 30 81 1E 79 16 00 00 00 00 00 00 00 00 00 00 00 00
[   3.598s] feature0x0C addr=0x10 raw=11 01 0C 10 96 00 4E 80 00 00 00 00 00 00 00 00 00 00 00 00
[   3.599s] feature0x0C addr=0x20 raw=11 01 0C 20 4E DE 4E 56 00 00 00 00 00 00 00 00 00 00 00 00
[   3.600s] feature0x0C addr=0x30 raw=11 01 0C 30 81 1E 79 16 00 00 00 00 00 00 00 00 00 00 00 00
[   3.616s] feature0x0C addr=0x10 raw=11 01 0C 10 96 00 4E 80 00 00 00 00 00 00 00 00 00 00 00 00
[   3.616s] feature0x0C addr=0x20 raw=11 01 0C 20 4E DE 4E 58 00 00 00 00 00 00 00 00 00 00 00 00
[   3.617s] feature0x0C addr=0x30 raw=11 01 0C 30 81 1E 79 18 00 00 00 00 00 00 00 00 00 00 00 00
[   3.631s] feature0x0C addr=0x10 raw=11 01 0C 10 96 40 4E 40 00 00 00 00 00 00 00 00 00 00 00 00
[   3.632s] feature0x0C addr=0x20 raw=11 01 0C 20 4E DE 4E 58 00 00 00 00 00 00 00 00 00 00 00 00
[   3.634s] feature0x0C addr=0x30 raw=11 01 0C 30 81 1E 79 18 00 00 00 00 00 00 00 00 00 00 00 00
[   3.647s] feature0x0C addr=0x10 raw=11 01 0C 10 96 40 4E 80 00 00 00 00 00 00 00 00 00 00 00 00
[   3.649s] feature0x0C addr=0x20 raw=11 01 0C 20 4E DE 4E 5A 00 00 00 00 00 00 00 00 00 00 00 00
[   3.651s] feature0x0C addr=0x30 raw=11 01 0C 30 81 1E 79 1A 00 00 00 00 00 00 00 00 00 00 00 00
[   3.665s] feature0x0C addr=0x10 raw=11 01 0C 10 96 C0 4E 80 00 00 00 00 00 00 00 00 00 00 00 00
[   3.667s] feature0x0C addr=0x20 raw=11 01 0C 20 4E DE 4E 5B 00 00 00 00 00 00 00 00 00 00 00 00
[   3.667s] feature0x0C addr=0x30 raw=11 01 0C 30 81 1E 79 1B 00 00 00 00 00 00 00 00 00 00 00 00
[   3.682s] feature0x0C addr=0x10 raw=11 01 0C 10 96 80 4E 40 00 00 00 00 00 00 00 00 00 00 00 00
[   3.683s] feature0x0C addr=0x20 raw=11 01 0C 20 4E DE 4E 5B 00 00 00 00 00 00 00 00 00 00 00 00
[   3.685s] feature0x0C addr=0x30 raw=11 01 0C 30 81 1E 79 1B 00 00 00 00 00 00 00 00 00 00 00 00
[   3.700s] feature0x0C addr=0x10 raw=11 01 0C 10 96 C0 4E 80 00 00 00 00 00 00 00 00 00 00 00 00
[   3.700s] feature0x0C addr=0x20 raw=11 01 0C 20 4E DE 4E 5D 00 00 00 00 00 00 00 00 00 00 00 00
[   3.702s] feature0x0C addr=0x30 raw=11 01 0C 30 81 1E 79 1D 00 00 00 00 00 00 00 00 00 00 00 00
[   3.716s] feature0x0C addr=0x10 raw=11 01 0C 10 96 80 4E 80 00 00 00 00 00 00 00 00 00 00 00 00
[   3.716s] feature0x0C addr=0x20 raw=11 01 0C 20 4E DE 4E 5F 00 00 00 00 00 00 00 00 00 00 00 00
[   3.718s] feature0x0C addr=0x30 raw=11 01 0C 30 81 1E 79 1F 00 00 00 00 00 00 00 00 00 00 00 00
[   3.732s] feature0x0C addr=0x10 raw=11 01 0C 10 97 00 4E 80 00 00 00 00 00 00 00 00 00 00 00 00
[   3.734s] feature0x0C addr=0x20 raw=11 01 0C 20 4E DE 4E 5F 00 00 00 00 00 00 00 00 00 00 00 00
[   3.734s] feature0x0C addr=0x30 raw=11 01 0C 30 81 1E 79 1F 00 00 00 00 00 00 00 00 00 00 00 00
[   3.748s] feature0x0C addr=0x10 raw=11 01 0C 10 97 00 4E 80 00 00 00 00 00 00 00 00 00 00 00 00
[   3.749s] feature0x0C addr=0x20 raw=11 01 0C 20 4E DE 4E 61 00 00 00 00 00 00 00 00 00 00 00 00
[   3.751s] feature0x0C addr=0x30 raw=11 01 0C 30 81 1E 79 21 00 00 00 00 00 00 00 00 00 00 00 00
[   3.765s] feature0x0C addr=0x10 raw=11 01 0C 10 97 80 4E 40 00 00 00 00 00 00 00 00 00 00 00 00
[   3.767s] feature0x0C addr=0x20 raw=11 01 0C 20 4E DE 4E 61 00 00 00 00 00 00 00 00 00 00 00 00
[   3.767s] feature0x0C addr=0x30 raw=11 01 0C 30 81 1E 79 21 00 00 00 00 00 00 00 00 00 00 00 00
[   3.783s] feature0x0C addr=0x10 raw=11 01 0C 10 97 80 4E 40 00 00 00 00 00 00 00 00 00 00 00 00
[   3.784s] feature0x0C addr=0x20 raw=11 01 0C 20 4E DE 4E 60 00 00 00 00 00 00 00 00 00 00 00 00
[   3.784s] feature0x0C addr=0x30 raw=11 01 0C 30 81 1E 79 20 00 00 00 00 00 00 00 00 00 00 00 00
[   3.799s] feature0x0C addr=0x10 raw=11 01 0C 10 97 00 4E 40 00 00 00 00 00 00 00 00 00 00 00 00
[   3.799s] feature0x0C addr=0x20 raw=11 01 0C 20 4E DE 4E 5E 00 00 00 00 00 00 00 00 00 00 00 00
[   3.800s] feature0x0C addr=0x30 raw=11 01 0C 30 81 1E 79 1E 00 00 00 00 00 00 00 00 00 00 00 00
[   3.815s] feature0x0C addr=0x10 raw=11 01 0C 10 97 80 4E 40 00 00 00 00 00 00 00 00 00 00 00 00
[   3.816s] feature0x0C addr=0x20 raw=11 01 0C 20 4E DE 4E 5E 00 00 00 00 00 00 00 00 00 00 00 00
[   3.817s] feature0x0C addr=0x30 raw=11 01 0C 30 81 1E 79 1E 00 00 00 00 00 00 00 00 00 00 00 00
[   3.831s] feature0x0C addr=0x10 raw=11 01 0C 10 97 80 4E 80 00 00 00 00 00 00 00 00 00 00 00 00
[   3.833s] feature0x0C addr=0x20 raw=11 01 0C 20 4E DE 4E 60 00 00 00 00 00 00 00 00 00 00 00 00
[   3.833s] feature0x0C addr=0x30 raw=11 01 0C 30 81 1E 79 20 00 00 00 00 00 00 00 00 00 00 00 00
[   3.848s] feature0x0C addr=0x10 raw=11 01 0C 10 97 80 4E 40 00 00 00 00 00 00 00 00 00 00 00 00
[   3.850s] feature0x0C addr=0x20 raw=11 01 0C 20 4E DE 4E 5E 00 00 00 00 00 00 00 00 00 00 00 00
[   3.850s] feature0x0C addr=0x30 raw=11 01 0C 30 81 1E 79 1E 00 00 00 00 00 00 00 00 00 00 00 00
[   3.865s] feature0x0C addr=0x10 raw=11 01 0C 10 97 00 4E 40 00 00 00 00 00 00 00 00 00 00 00 00
[   3.866s] feature0x0C addr=0x20 raw=11 01 0C 20 4E DE 4E 60 00 00 00 00 00 00 00 00 00 00 00 00
[   3.868s] feature0x0C addr=0x30 raw=11 01 0C 30 81 1E 79 20 00 00 00 00 00 00 00 00 00 00 00 00
[   3.881s] feature0x0C addr=0x10 raw=11 01 0C 10 97 00 4E C0 00 00 00 00 00 00 00 00 00 00 00 00
[   3.882s] feature0x0C addr=0x20 raw=11 01 0C 20 4E DE 4E 61 00 00 00 00 00 00 00 00 00 00 00 00
[   3.884s] feature0x0C addr=0x30 raw=11 01 0C 30 81 1E 79 21 00 00 00 00 00 00 00 00 00 00 00 00
[   3.899s] feature0x0C addr=0x10 raw=11 01 0C 10 96 40 4E 40 00 00 00 00 00 00 00 00 00 00 00 00
[   3.899s] feature0x0C addr=0x20 raw=11 01 0C 20 4E DE 4E 61 00 00 00 00 00 00 00 00 00 00 00 00
[   3.901s] feature0x0C addr=0x30 raw=11 01 0C 30 81 1E 79 21 00 00 00 00 00 00 00 00 00 00 00 00
[   3.915s] feature0x0C addr=0x10 raw=11 01 0C 10 95 40 4E 40 00 00 00 00 00 00 00 00 00 00 00 00
[   3.917s] feature0x0C addr=0x20 raw=11 01 0C 20 4E DE 4E 61 00 00 00 00 00 00 00 00 00 00 00 00
[   3.917s] feature0x0C addr=0x30 raw=11 01 0C 30 81 1E 79 21 00 00 00 00 00 00 00 00 00 00 00 00
[   3.932s] feature0x0C addr=0x10 raw=11 01 0C 10 94 80 4E 80 00 00 00 00 00 00 00 00 00 00 00 00
[   3.933s] feature0x0C addr=0x20 raw=11 01 0C 20 4E DE 4E 61 00 00 00 00 00 00 00 00 00 00 00 00
[   3.935s] feature0x0C addr=0x30 raw=11 01 0C 30 81 1E 79 21 00 00 00 00 00 00 00 00 00 00 00 00
[   3.949s] feature0x0C addr=0x10 raw=11 01 0C 10 93 40 4E 80 00 00 00 00 00 00 00 00 00 00 00 00
[   3.950s] feature0x0C addr=0x20 raw=11 01 0C 20 4E DE 4E 5F 00 00 00 00 00 00 00 00 00 00 00 00
[   3.952s] feature0x0C addr=0x30 raw=11 01 0C 30 81 1E 79 1F 00 00 00 00 00 00 00 00 00 00 00 00
[   3.966s] feature0x0C addr=0x10 raw=11 01 0C 10 91 00 4E 40 00 00 00 00 00 00 00 00 00 00 00 00
[   3.966s] feature0x0C addr=0x20 raw=11 01 0C 20 4E DE 4E 61 00 00 00 00 00 00 00 00 00 00 00 00
[   3.966s] feature0x0C addr=0x30 raw=11 01 0C 30 81 1E 79 21 00 00 00 00 00 00 00 00 00 00 00 00
[   3.982s] pressure=  9 bytes5_19=00 00 00 00 00 00 00 00 00 00 00 00 00 00 00
[   3.983s] feature0x0C addr=0x10 raw=11 01 0C 10 76 C0 4E 40 00 00 00 00 00 00 00 00 00 00 00 00
[   3.983s] feature0x0C addr=0x20 raw=11 01 0C 20 4E DE 4E 5F 00 00 00 00 00 00 00 00 00 00 00 00
[   3.985s] feature0x0C addr=0x30 raw=11 01 0C 30 81 1E 79 1F 00 00 00 00 00 00 00 00 00 00 00 00
[   3.999s] pressure=  6 bytes5_19=00 00 00 00 00 00 00 00 00 00 00 00 00 00 00
[   3.999s] feature0x0C addr=0x10 raw=11 01 0C 10 61 00 4E 40 00 00 00 00 00 00 00 00 00 00 00 00
[   4.001s] feature0x0C addr=0x20 raw=11 01 0C 20 4E DE 4E 60 00 00 00 00 00 00 00 00 00 00 00 00
[   4.001s] feature0x0C addr=0x30 raw=11 01 0C 30 81 1E 79 20 00 00 00 00 00 00 00 00 00 00 00 00
[   4.015s] pressure=  4 bytes5_19=00 00 00 00 00 00 00 00 00 00 00 00 00 00 00
[   4.017s] feature0x0C addr=0x10 raw=11 01 0C 10 58 80 4E 40 00 00 00 00 00 00 00 00 00 00 00 00
[   4.017s] feature0x0C addr=0x20 raw=11 01 0C 20 4E DE 4E 5E 00 00 00 00 00 00 00 00 00 00 00 00
[   4.018s] feature0x0C addr=0x30 raw=11 01 0C 30 81 1E 79 1E 00 00 00 00 00 00 00 00 00 00 00 00
[   4.032s] pressure=  2 bytes5_19=00 00 00 00 00 00 00 00 00 00 00 00 00 00 00
[   4.034s] feature0x0C addr=0x10 raw=11 01 0C 10 52 80 4E 40 00 00 00 00 00 00 00 00 00 00 00 00
[   4.034s] feature0x0C addr=0x20 raw=11 01 0C 20 4E DE 4E 5C 00 00 00 00 00 00 00 00 00 00 00 00
[   4.035s] feature0x0C addr=0x30 raw=11 01 0C 30 81 1E 79 1C 00 00 00 00 00 00 00 00 00 00 00 00
[   4.048s] pressure=  1 bytes5_19=00 00 00 00 00 00 00 00 00 00 00 00 00 00 00
[   4.050s] feature0x0C addr=0x10 raw=11 01 0C 10 51 40 4E 80 00 00 00 00 00 00 00 00 00 00 00 00
[   4.050s] feature0x0C addr=0x20 raw=11 01 0C 20 4E DE 4E 5C 00 00 00 00 00 00 00 00 00 00 00 00
[   4.052s] feature0x0C addr=0x30 raw=11 01 0C 30 81 1E 79 1C 00 00 00 00 00 00 00 00 00 00 00 00
[   4.065s] feature0x0C addr=0x10 raw=11 01 0C 10 50 00 4E 40 00 00 00 00 00 00 00 00 00 00 00 00
[   4.067s] feature0x0C addr=0x20 raw=11 01 0C 20 4E DE 4E 5C 00 00 00 00 00 00 00 00 00 00 00 00
[   4.067s] feature0x0C addr=0x30 raw=11 01 0C 30 81 1E 79 1C 00 00 00 00 00 00 00 00 00 00 00 00
[   4.081s] feature0x0C addr=0x10 raw=11 01 0C 10 4F 80 4E 40 00 00 00 00 00 00 00 00 00 00 00 00
[   4.082s] feature0x0C addr=0x20 raw=11 01 0C 20 4E DE 4E 5C 00 00 00 00 00 00 00 00 00 00 00 00
[   4.083s] feature0x0C addr=0x30 raw=11 01 0C 30 81 1E 79 1C 00 00 00 00 00 00 00 00 00 00 00 00
[   4.098s] feature0x0C addr=0x10 raw=11 01 0C 10 4F C0 4E 80 00 00 00 00 00 00 00 00 00 00 00 00
[   4.099s] feature0x0C addr=0x20 raw=11 01 0C 20 4E DE 4E 5C 00 00 00 00 00 00 00 00 00 00 00 00
[   4.100s] feature0x0C addr=0x30 raw=11 01 0C 30 81 1E 79 1C 00 00 00 00 00 00 00 00 00 00 00 00
[   4.115s] feature0x0C addr=0x10 raw=11 01 0C 10 50 80 4E 40 00 00 00 00 00 00 00 00 00 00 00 00
[   4.117s] feature0x0C addr=0x20 raw=11 01 0C 20 4E DE 4E 5B 00 00 00 00 00 00 00 00 00 00 00 00
[   4.117s] feature0x0C addr=0x30 raw=11 01 0C 30 81 1E 79 1B 00 00 00 00 00 00 00 00 00 00 00 00
[   4.131s] feature0x0C addr=0x10 raw=11 01 0C 10 50 C0 4E 80 00 00 00 00 00 00 00 00 00 00 00 00
[   4.132s] feature0x0C addr=0x20 raw=11 01 0C 20 4E DE 4E 5B 00 00 00 00 00 00 00 00 00 00 00 00
[   4.134s] feature0x0C addr=0x30 raw=11 01 0C 30 81 1E 79 1B 00 00 00 00 00 00 00 00 00 00 00 00
[   4.149s] feature0x0C addr=0x10 raw=11 01 0C 10 51 80 4E 00 00 00 00 00 00 00 00 00 00 00 00 00
[   4.149s] feature0x0C addr=0x20 raw=11 01 0C 20 4E DE 4E 59 00 00 00 00 00 00 00 00 00 00 00 00
[   4.150s] feature0x0C addr=0x30 raw=11 01 0C 30 81 1E 79 19 00 00 00 00 00 00 00 00 00 00 00 00
[   4.164s] feature0x0C addr=0x10 raw=11 01 0C 10 51 80 4E 40 00 00 00 00 00 00 00 00 00 00 00 00
[   4.165s] feature0x0C addr=0x20 raw=11 01 0C 20 4E DE 4E 59 00 00 00 00 00 00 00 00 00 00 00 00
[   4.166s] feature0x0C addr=0x30 raw=11 01 0C 30 81 1E 79 19 00 00 00 00 00 00 00 00 00 00 00 00
[   4.181s] feature0x0C addr=0x10 raw=11 01 0C 10 52 00 4E 40 00 00 00 00 00 00 00 00 00 00 00 00
[   4.183s] feature0x0C addr=0x20 raw=11 01 0C 20 4E DE 4E 59 00 00 00 00 00 00 00 00 00 00 00 00
[   4.183s] feature0x0C addr=0x30 raw=11 01 0C 30 81 1E 79 19 00 00 00 00 00 00 00 00 00 00 00 00
[   4.199s] feature0x0C addr=0x10 raw=11 01 0C 10 53 40 4E 40 00 00 00 00 00 00 00 00 00 00 00 00
[   4.199s] feature0x0C addr=0x20 raw=11 01 0C 20 4E DE 4E 59 00 00 00 00 00 00 00 00 00 00 00 00
[   4.201s] feature0x0C addr=0x30 raw=11 01 0C 30 81 1E 79 19 00 00 00 00 00 00 00 00 00 00 00 00
[   4.215s] pressure=  2 bytes5_19=00 00 00 00 00 00 00 00 00 00 00 00 00 00 00
[   4.215s] feature0x0C addr=0x10 raw=11 01 0C 10 55 00 4E 80 00 00 00 00 00 00 00 00 00 00 00 00
[   4.216s] feature0x0C addr=0x20 raw=11 01 0C 20 4E DE 4E 5A 00 00 00 00 00 00 00 00 00 00 00 00
[   4.217s] feature0x0C addr=0x30 raw=11 01 0C 30 81 1E 79 1A 00 00 00 00 00 00 00 00 00 00 00 00
[   4.231s] pressure=  7 bytes5_19=00 00 00 00 00 00 00 00 00 00 00 00 00 00 00
[   4.233s] feature0x0C addr=0x10 raw=11 01 0C 10 6A 00 4E 00 00 00 00 00 00 00 00 00 00 00 00 00
[   4.233s] feature0x0C addr=0x20 raw=11 01 0C 20 4E DE 4E 58 00 00 00 00 00 00 00 00 00 00 00 00
[   4.235s] feature0x0C addr=0x30 raw=11 01 0C 30 81 1E 79 18 00 00 00 00 00 00 00 00 00 00 00 00
[   4.248s] pressure= 10 bytes5_19=00 00 00 00 00 00 00 00 00 00 00 00 00 00 00
[   4.248s] feature0x0C addr=0x10 raw=11 01 0C 10 86 40 4E 80 00 00 00 00 00 00 00 00 00 00 00 00
[   4.249s] feature0x0C addr=0x20 raw=11 01 0C 20 4E DE 4E 56 00 00 00 00 00 00 00 00 00 00 00 00
[   4.250s] feature0x0C addr=0x30 raw=11 01 0C 30 81 1E 79 16 00 00 00 00 00 00 00 00 00 00 00 00
[   4.264s] feature0x0C addr=0x10 raw=11 01 0C 10 93 80 4E 80 00 00 00 00 00 00 00 00 00 00 00 00
[   4.265s] feature0x0C addr=0x20 raw=11 01 0C 20 4E DE 4E 56 00 00 00 00 00 00 00 00 00 00 00 00
[   4.266s] feature0x0C addr=0x30 raw=11 01 0C 30 81 1E 79 16 00 00 00 00 00 00 00 00 00 00 00 00
[   4.281s] feature0x0C addr=0x10 raw=11 01 0C 10 94 80 4E 40 00 00 00 00 00 00 00 00 00 00 00 00
[   4.283s] feature0x0C addr=0x20 raw=11 01 0C 20 4E DE 4E 56 00 00 00 00 00 00 00 00 00 00 00 00
[   4.283s] feature0x0C addr=0x30 raw=11 01 0C 30 81 1E 79 16 00 00 00 00 00 00 00 00 00 00 00 00
[   4.297s] feature0x0C addr=0x10 raw=11 01 0C 10 95 00 4E 40 00 00 00 00 00 00 00 00 00 00 00 00
[   4.298s] feature0x0C addr=0x20 raw=11 01 0C 20 4E DE 4E 54 00 00 00 00 00 00 00 00 00 00 00 00
[   4.300s] feature0x0C addr=0x30 raw=11 01 0C 30 81 1E 79 14 00 00 00 00 00 00 00 00 00 00 00 00
[   4.314s] feature0x0C addr=0x10 raw=11 01 0C 10 95 40 4E 80 00 00 00 00 00 00 00 00 00 00 00 00
[   4.316s] feature0x0C addr=0x20 raw=11 01 0C 20 4E DE 4E 54 00 00 00 00 00 00 00 00 00 00 00 00
[   4.316s] feature0x0C addr=0x30 raw=11 01 0C 30 81 1E 79 14 00 00 00 00 00 00 00 00 00 00 00 00
[   4.330s] feature0x0C addr=0x10 raw=11 01 0C 10 96 00 4E 80 00 00 00 00 00 00 00 00 00 00 00 00
[   4.331s] feature0x0C addr=0x20 raw=11 01 0C 20 4E DE 4E 55 00 00 00 00 00 00 00 00 00 00 00 00
[   4.332s] feature0x0C addr=0x30 raw=11 01 0C 30 81 1E 79 15 00 00 00 00 00 00 00 00 00 00 00 00
[   4.347s] feature0x0C addr=0x10 raw=11 01 0C 10 96 80 4E C0 00 00 00 00 00 00 00 00 00 00 00 00
[   4.348s] feature0x0C addr=0x20 raw=11 01 0C 20 4E DE 4E 55 00 00 00 00 00 00 00 00 00 00 00 00
[   4.349s] feature0x0C addr=0x30 raw=11 01 0C 30 81 1E 79 15 00 00 00 00 00 00 00 00 00 00 00 00
[   4.364s] feature0x0C addr=0x10 raw=11 01 0C 10 96 C0 4E 40 00 00 00 00 00 00 00 00 00 00 00 00
[   4.365s] feature0x0C addr=0x20 raw=11 01 0C 20 4E DE 4E 53 00 00 00 00 00 00 00 00 00 00 00 00
[   4.366s] feature0x0C addr=0x30 raw=11 01 0C 30 81 1E 79 13 00 00 00 00 00 00 00 00 00 00 00 00
[   4.380s] feature0x0C addr=0x10 raw=11 01 0C 10 97 00 4E C0 00 00 00 00 00 00 00 00 00 00 00 00
[   4.381s] feature0x0C addr=0x20 raw=11 01 0C 20 4E DE 4E 53 00 00 00 00 00 00 00 00 00 00 00 00
[   4.382s] feature0x0C addr=0x30 raw=11 01 0C 30 81 1E 79 13 00 00 00 00 00 00 00 00 00 00 00 00
[   4.397s] feature0x0C addr=0x10 raw=11 01 0C 10 97 40 4E C0 00 00 00 00 00 00 00 00 00 00 00 00
[   4.398s] feature0x0C addr=0x20 raw=11 01 0C 20 4E DE 4E 51 00 00 00 00 00 00 00 00 00 00 00 00
[   4.399s] feature0x0C addr=0x30 raw=11 01 0C 30 81 1E 79 11 00 00 00 00 00 00 00 00 00 00 00 00
[   4.414s] feature0x0C addr=0x10 raw=11 01 0C 10 97 80 4E 80 00 00 00 00 00 00 00 00 00 00 00 00
[   4.414s] feature0x0C addr=0x20 raw=11 01 0C 20 4E DE 4E 53 00 00 00 00 00 00 00 00 00 00 00 00
[   4.415s] feature0x0C addr=0x30 raw=11 01 0C 30 81 1E 79 13 00 00 00 00 00 00 00 00 00 00 00 00
[   4.430s] feature0x0C addr=0x10 raw=11 01 0C 10 98 00 4E 80 00 00 00 00 00 00 00 00 00 00 00 00
[   4.431s] feature0x0C addr=0x20 raw=11 01 0C 20 4E DE 4E 54 00 00 00 00 00 00 00 00 00 00 00 00
[   4.433s] feature0x0C addr=0x30 raw=11 01 0C 30 81 1E 79 14 00 00 00 00 00 00 00 00 00 00 00 00
[   4.447s] feature0x0C addr=0x10 raw=11 01 0C 10 98 00 4E 80 00 00 00 00 00 00 00 00 00 00 00 00
[   4.448s] feature0x0C addr=0x20 raw=11 01 0C 20 4E DE 4E 56 00 00 00 00 00 00 00 00 00 00 00 00
[   4.449s] feature0x0C addr=0x30 raw=11 01 0C 30 81 1E 79 16 00 00 00 00 00 00 00 00 00 00 00 00
[   4.463s] feature0x0C addr=0x10 raw=11 01 0C 10 98 40 4E 80 00 00 00 00 00 00 00 00 00 00 00 00
[   4.464s] feature0x0C addr=0x20 raw=11 01 0C 20 4E DE 4E 58 00 00 00 00 00 00 00 00 00 00 00 00
[   4.465s] feature0x0C addr=0x30 raw=11 01 0C 30 81 1E 79 18 00 00 00 00 00 00 00 00 00 00 00 00
[   4.480s] feature0x0C addr=0x10 raw=11 01 0C 10 98 C0 4E 80 00 00 00 00 00 00 00 00 00 00 00 00
[   4.481s] feature0x0C addr=0x20 raw=11 01 0C 20 4E DE 4E 58 00 00 00 00 00 00 00 00 00 00 00 00
[   4.482s] feature0x0C addr=0x30 raw=11 01 0C 30 81 1E 79 18 00 00 00 00 00 00 00 00 00 00 00 00
[   4.497s] feature0x0C addr=0x10 raw=11 01 0C 10 98 C0 4E 40 00 00 00 00 00 00 00 00 00 00 00 00
[   4.498s] feature0x0C addr=0x20 raw=11 01 0C 20 4E DE 4E 5A 00 00 00 00 00 00 00 00 00 00 00 00
[   4.499s] feature0x0C addr=0x30 raw=11 01 0C 30 81 1E 79 1A 00 00 00 00 00 00 00 00 00 00 00 00
[   4.515s] feature0x0C addr=0x10 raw=11 01 0C 10 99 40 4E 40 00 00 00 00 00 00 00 00 00 00 00 00
[   4.515s] feature0x0C addr=0x20 raw=11 01 0C 20 4E DE 4E 5C 00 00 00 00 00 00 00 00 00 00 00 00
[   4.516s] feature0x0C addr=0x30 raw=11 01 0C 30 81 1E 79 1C 00 00 00 00 00 00 00 00 00 00 00 00
[   4.531s] feature0x0C addr=0x10 raw=11 01 0C 10 99 80 4E 80 00 00 00 00 00 00 00 00 00 00 00 00
[   4.532s] feature0x0C addr=0x20 raw=11 01 0C 20 4E DE 4E 5C 00 00 00 00 00 00 00 00 00 00 00 00
[   4.534s] feature0x0C addr=0x30 raw=11 01 0C 30 81 1E 79 1C 00 00 00 00 00 00 00 00 00 00 00 00
[   4.547s] feature0x0C addr=0x10 raw=11 01 0C 10 99 C0 4E C0 00 00 00 00 00 00 00 00 00 00 00 00
[   4.549s] feature0x0C addr=0x20 raw=11 01 0C 20 4E DE 4E 5B 00 00 00 00 00 00 00 00 00 00 00 00
[   4.549s] feature0x0C addr=0x30 raw=11 01 0C 30 81 1E 79 1B 00 00 00 00 00 00 00 00 00 00 00 00
[   4.564s] feature0x0C addr=0x10 raw=11 01 0C 10 9A 00 4E 80 00 00 00 00 00 00 00 00 00 00 00 00
[   4.566s] feature0x0C addr=0x20 raw=11 01 0C 20 4E DE 4E 5D 00 00 00 00 00 00 00 00 00 00 00 00
[   4.566s] feature0x0C addr=0x30 raw=11 01 0C 30 81 1E 79 1D 00 00 00 00 00 00 00 00 00 00 00 00
[   4.580s] feature0x0C addr=0x10 raw=11 01 0C 10 9A 00 4E 40 00 00 00 00 00 00 00 00 00 00 00 00
[   4.581s] feature0x0C addr=0x20 raw=11 01 0C 20 4E DE 4E 5F 00 00 00 00 00 00 00 00 00 00 00 00
[   4.583s] feature0x0C addr=0x30 raw=11 01 0C 30 81 1E 79 1F 00 00 00 00 00 00 00 00 00 00 00 00
[   4.597s] feature0x0C addr=0x10 raw=11 01 0C 10 9A 00 4E 80 00 00 00 00 00 00 00 00 00 00 00 00
[   4.597s] feature0x0C addr=0x20 raw=11 01 0C 20 4E DE 4E 61 00 00 00 00 00 00 00 00 00 00 00 00
[   4.599s] feature0x0C addr=0x30 raw=11 01 0C 30 81 1E 79 21 00 00 00 00 00 00 00 00 00 00 00 00
[   4.614s] feature0x0C addr=0x10 raw=11 01 0C 10 99 C0 4E 80 00 00 00 00 00 00 00 00 00 00 00 00
[   4.616s] feature0x0C addr=0x20 raw=11 01 0C 20 4E DE 4E 63 00 00 00 00 00 00 00 00 00 00 00 00
[   4.616s] feature0x0C addr=0x30 raw=11 01 0C 30 81 1E 79 23 00 00 00 00 00 00 00 00 00 00 00 00
[   4.630s] feature0x0C addr=0x10 raw=11 01 0C 10 99 C0 4E 80 00 00 00 00 00 00 00 00 00 00 00 00
[   4.632s] feature0x0C addr=0x20 raw=11 01 0C 20 4E DE 4E 65 00 00 00 00 00 00 00 00 00 00 00 00
[   4.632s] feature0x0C addr=0x30 raw=11 01 0C 30 81 1E 79 25 00 00 00 00 00 00 00 00 00 00 00 00
[   4.648s] feature0x0C addr=0x10 raw=11 01 0C 10 99 C0 4E C0 00 00 00 00 00 00 00 00 00 00 00 00
[   4.648s] feature0x0C addr=0x20 raw=11 01 0C 20 4E DE 4E 67 00 00 00 00 00 00 00 00 00 00 00 00
[   4.649s] feature0x0C addr=0x30 raw=11 01 0C 30 81 1E 79 27 00 00 00 00 00 00 00 00 00 00 00 00
[   4.663s] feature0x0C addr=0x10 raw=11 01 0C 10 99 40 4E C0 00 00 00 00 00 00 00 00 00 00 00 00
[   4.664s] feature0x0C addr=0x20 raw=11 01 0C 20 4E DE 4E 68 00 00 00 00 00 00 00 00 00 00 00 00
[   4.665s] feature0x0C addr=0x30 raw=11 01 0C 30 81 1E 79 28 00 00 00 00 00 00 00 00 00 00 00 00
[   4.680s] feature0x0C addr=0x10 raw=11 01 0C 10 97 C0 4E C0 00 00 00 00 00 00 00 00 00 00 00 00
[   4.682s] feature0x0C addr=0x20 raw=11 01 0C 20 4E DE 4E 6A 00 00 00 00 00 00 00 00 00 00 00 00
[   4.682s] feature0x0C addr=0x30 raw=11 01 0C 30 81 1E 79 2A 00 00 00 00 00 00 00 00 00 00 00 00
[   4.697s] feature0x0C addr=0x10 raw=11 01 0C 10 96 80 4E 80 00 00 00 00 00 00 00 00 00 00 00 00
[   4.698s] feature0x0C addr=0x3F raw=11 01 0C 3F 01 3C 00 00 00 00 00 00 00 00 00 00 00 00 00 00
[   4.700s] feature0x0C addr=0x20 raw=11 01 0C 20 4E DE 4E 68 00 00 00 00 00 00 00 00 00 00 00 00
[   4.700s] feature0x0C addr=0x30 raw=11 01 0C 30 81 1E 79 28 00 00 00 00 00 00 00 00 00 00 00 00
[   4.764s] pressure=  3 bytes5_19=00 00 00 00 00 00 00 00 00 00 00 00 00 00 00
[   4.781s] pressure=  1 bytes5_19=00 00 00 00 00 00 00 00 00 00 00 00 00 00 00
[   4.797s] pressure=  0 bytes5_19=00 00 00 00 00 00 00 00 00 00 00 00 00 00 00
Signal 2 received, running cleanup
CLEANUP begin
TX CLEANUP.PRESSURE.disable[1].short write()=-1 10 01 0C 3C 00 3C 00
TX CLEANUP.PRESSURE.disable[1].short send_feature_report()=-1
TX CLEANUP.PRESSURE.disable[1].long_fallback write()=20 11 01 0C 3C 00 3C 00 00 00 00 00 00 00 00 00 00 00 00 00 00
RX CLEANUP.PRESSURE.disable[1].long_fallback len=20 11 01 0C 3C 00 3C 00 00 00 00 00 00 00 00 00 00 00 00 00 00
TX CLEANUP.PRESSURE.disable[2].short write()=-1 10 01 0C 3C 00 00 00
TX CLEANUP.PRESSURE.disable[2].short send_feature_report()=-1
TX CLEANUP.PRESSURE.disable[2].long_fallback write()=20 11 01 0C 3C 00 00 00 00 00 00 00 00 00 00 00 00 00 00 00 00
RX CLEANUP.PRESSURE.disable[2].long_fallback len=20 11 01 0C 3C 00 00 00 00 00 00 00 00 00 00 00 00 00 00 00 00
TX CLEANUP.MouseButtonSpy.func2.disable write()=20 11 01 0F 28 00 00 00 00 00 00 00 00 00 00 00 00 00 00 00 00
RX CLEANUP.MouseButtonSpy.func2.disable len=20 11 01 0F 28 00 00 00 00 00 00 00 00 00 00 00 00 00 00 00 00
TX CLEANUP.MouseButtonSpy.func1.disable write()=20 11 01 0F 18 00 00 00 00 00 00 00 00 00 00 00 00 00 00 00 00
RX CLEANUP.MouseButtonSpy.func1.disable len=20 11 01 0F 18 00 00 00 00 00 00 00 00 00 00 00 00 00 00 00 00
TX CLEANUP.MouseButtonSpy.func0.status write()=20 11 01 0F 08 00 00 00 00 00 00 00 00 00 00 00 00 00 00 00 00
RX CLEANUP.MouseButtonSpy.func0.status len=20 11 01 0F 08 05 00 00 00 00 00 00 00 00 00 00 00 00 00 00 00
CLEANUP end
Interrupted

SUMMARY
mode=0x03 mode_arg=0x00
pressure_reports=61
feature0x0C_addr_counts=0x10:251,0x20:251,0x30:251,0x3F:1
pressure_min=0 pressure_max=10
pressure_values_seen=0,1,2,3,4,5,6,7,9,10
payload_bytes_5_to_19:
  byte05: min=  0 max=  0 unique=  1
  byte06: min=  0 max=  0 unique=  1
  byte07: min=  0 max=  0 unique=  1
  byte08: min=  0 max=  0 unique=  1
  byte09: min=  0 max=  0 unique=  1
  byte10: min=  0 max=  0 unique=  1
  byte11: min=  0 max=  0 unique=  1
  byte12: min=  0 max=  0 unique=  1
  byte13: min=  0 max=  0 unique=  1
  byte14: min=  0 max=  0 unique=  1
  byte15: min=  0 max=  0 unique=  1
  byte16: min=  0 max=  0 unique=  1
  byte17: min=  0 max=  0 unique=  1
  byte18: min=  0 max=  0 unique=  1
  byte19: min=  0 max=  0 unique=  1
